0.001	0.99985	-0.29922942643390016
0.002	0.9994015411471324	-0.5968768918101497
0.003	0.9986562462163797	-0.8928612146484882
0.004	0.9976158187178354	-1.1871021160618223
0.005	0.996282041984256	-1.479520239278942
0.006	0.9946567782392775	-1.7700371687924266
0.007	0.9927419676466711	-2.058575449130462
0.008	0.9905396273410165	-2.3450586032475185
0.009	0.9880518504401762	-2.6294111505300033
0.01	0.9852808050399566	-2.911558624414501
0.011	0.9822287331913472	-3.191427589614104
0.012	0.9788979498607284	-3.4689456589505063
0.013	0.9752908418734462	-3.7440415097888535
0.014	0.9714098668411507	-4.0166449000714755
0.015	0.9672575520733032	-4.286686683948548
0.016	0.9628364934732537	-4.554098827002917
0.017	0.9581493544192975	-4.818814421066408
0.018000000000000002	0.9531988646311209	-5.080767698624699
0.019	0.9479878190220481	-5.339894046809124
0.02	0.9425190765375027	-5.596130020973589
0.021	0.9367955589801009	-5.84941335785405
0.022000000000000002	0.9308202498217947	-6.099682988308763
0.023	0.9245961930034834	-6.346879049637654
0.024	0.9181264917225194	-6.5909428974786906
0.025	0.9114143072085261	-6.831817117281314
0.026000000000000002	0.9044628574879567	-7.069445535354157
0.027	0.8972754161378178	-7.303773229485888
0.028	0.8898553110289851	-7.534746539139269
0.028999999999999998	0.8822059230595392	-7.762313075216742
0.030000000000000002	0.8743306848785517	-7.986421729395676
0.031	0.8662330796007478	-8.207022683036413
0.032	0.8579166395124789	-8.424067415656655
0.033	0.8493849447694346	-8.63750871297725
0.033999999999999996	0.8406416220865243	-8.847300674536928
0.035	0.8316903434203609	-9.053398720874295
0.036000000000000004	0.8225348246447757	-9.255759600281243
0.037	0.8131788242197984	-9.454341395122412
0.038	0.8036261418545309	-9.649103527726355
0.039	0.7938806171643458	-9.840006765845066
0.04	0.7839461283228407	-10.027013227684234
0.041	0.7738265907089774	-10.210086386503392
0.041999999999999996	0.763525955549834	-10.389191074788807
0.043000000000000003	0.7530482085593999	-10.56429348799809
0.044000000000000004	0.7423973685738378	-10.735361187878544
0.045	0.7315774861836428	-10.90236310535908
0.046	0.7205926423631196	-11.065269543020174
0.047	0.7094469470976025	-11.2240521771389
0.048	0.6981445380088419	-11.378684059313581
0.049	0.6866895789789753	-11.529139617669271
0.049999999999999996	0.6750862587735033	-11.675394657643945
0.051000000000000004	0.6633387896636875	-11.817426362359384
0.052000000000000005	0.6514514060487845	-11.95521329257887
0.053	0.6394283630785298	-12.088735386250827
0.054	0.6272739352762828	-12.21797395764429
0.055	0.6149924151632413	-12.342911696075765
0.056	0.6025881118841313	-12.463532664232057
0.057	0.5900653498347772	-12.579822296089116
0.057999999999999996	0.5774284672919531	-12.691767394431896
0.059000000000000004	0.5646818150459134	-12.799356127976557
0.06	0.551829755036	-12.902578028098633
0.061	0.5388766589897162	-13.001423985169291
0.062	0.5258269070656614	-13.095886244503419
0.063	0.5126848865007093	-13.185958401922381
0.06399999999999999	0.4994549902618166	-13.271635398934666
0.065	0.48614161570284	-13.3529135175382
0.066	0.4727491632267402	-13.429790374647116
0.06699999999999999	0.4592820349535458	-13.50226491614709
0.068	0.44574463339444603	-13.570337410582445
0.069	0.43214136013238097	-13.634009442478723
0.06999999999999999	0.4184766145094886	-13.693283905305552
0.07100000000000001	0.40475479232176986	-13.748164994081769
0.072	0.39098028452132505	-13.79865819762896
0.073	0.37715747592651194	-13.844770290475871
0.07400000000000001	0.3632907439403733	-13.886509324418622
0.075	0.34938445727767475	-13.923884619740868
0.076	0.33544297470089157	-13.956906756098064
0.07700000000000001	0.3214706437654786	-13.985587563070112
0.078	0.30747179957475135	-14.00994011038753
0.079	0.29345076354470356	-14.029978697834899
0.07999999999999999	0.27941184217908155	-14.045718844836768
0.081	0.2653593258550301	-14.057177279730382
0.082	0.2512974876196208	-14.064371928730418
0.08299999999999999	0.2372305819975692	-14.067321904589758
0.084	0.22316284381044127	-14.066047494962083
0.085	0.209098487007645	-14.060570150471255
0.086	0.19504170350949876	-14.050912472491419
0.08700000000000001	0.18099666206266216	-14.037098200644401
0.088	0.16696750710820996	-14.019152200018397
0.089	0.15295835766262536	-13.997100448113697
0.09000000000000001	0.13897330621198256	-13.970970021520799
0.091	0.12501641761958374	-13.940789082335925
0.092	0.11109172804731071	-13.906586864319323
0.093	0.09720324389094509	-13.868393658802248
0.094	0.08335494072970623	-13.826240800347444
0.095	0.0695507622902502	-13.780160652169148
0.09599999999999999	0.05579461942536792	-13.730186591317791
0.097	0.04209038910761463	-13.676352993635337
0.098	0.02844191343809725	-13.618695218486879
0.09899999999999999	0.014852998670640872	-13.557249593273788
0.1	0.0013274142515496716	-13.492053397734598
0.101	-0.012131108124828323	-13.423144848039172
0.102	-0.02551887544452867	-13.350563080681964
0.10300000000000001	-0.03883223428619225	-13.274348136180203
0.104	-0.052067571716889076	-13.194540942582831
0.105	-0.06522131617135792	-13.11118329879615
0.10600000000000001	-0.07828993831448139	-13.024317857731969
0.107	-0.09126995188682185	-12.933988109284234
0.108	-0.10415791453304986	-12.840238363140195
0.109	-0.11695042861310224	-12.743113731431839
0.11	-0.12964414199591354	-12.642660111233834
0.111	-0.14223574883556994	-12.538924166913795
0.11199999999999999	-0.15472199032974113	-12.431953312340871
0.113	-0.16709965546025168	-12.321795692959144
0.114	-0.17936558171565944	-12.20850016773109
0.11499999999999999	-0.19151665579571386	-12.092116290957675
0.116	-0.20354981429757482	-11.972694293981373
0.117	-0.2154620443836766	-11.850285066777309
0.118	-0.22725038443112947	-11.724940139439601
0.11900000000000001	-0.23891192466255584	-11.596711663568085
0.12	-0.25044380775826564	-11.465652393562175
0.121	-0.26184322944968025	-11.331815667827593
0.122	-0.2731074390939208	-11.195255389901737
0.123	-0.2842337402294837	-11.056026009504727
0.124	-0.2952194911129303	-10.91418250352083
0.125	-0.3060621052365254	-10.769780356917362
0.126	-0.316759051826765	-10.62287554360658
0.127	-0.32730785632373854	-10.473524507256831
0.128	-0.33770610084127867	-10.321784142058782
0.129	-0.3479514246078561	-10.16771177345263
0.13	-0.358041524388184	-10.011365138822558
0.131	-0.36797415488550117	-9.852802368163992
0.13199999999999998	-0.377747129124512	-9.69208196473037
0.13299999999999998	-0.3873583188149619	-9.529262785663517
0.134	-0.3968056546958391	-9.36440402261629
0.135	-0.4060871268601945	-9.197565182370443
0.136	-0.41520078506058	-9.028806067457761
0.137	-0.42414473899511	-8.858186756788761
0.13799999999999998	-0.4329171585741575	-8.685767586295661
0.13899999999999998	-0.44151627416770134	-8.511609129594644
0.14	-0.44994037683334676	-8.335772178673734
0.14100000000000001	-0.45818781852504886	-8.158317724611841
0.14200000000000002	-0.46625701228257044	-7.979306938333347
0.143	-0.47414643240171556	-7.798801151406353
0.144	-0.48185461458538315	-7.6168618368875896
0.145	-0.48938015607549074	-7.433550590220716
0.146	-0.4967217157658246	-7.248929110193508
0.14700000000000002	-0.5038780142958778	-7.063059179958919
0.148	-0.5108478341257424	-6.876002648125545
0.149	-0.5176300195921288	-6.6878214099228
0.15	-0.5242234769455881	-6.498577388446336
0.151	-0.5306271743690216	-6.308332515988224
0.152	-0.5368401419775647	-6.11714871545782
0.15300000000000002	-0.5428614717999373	-5.925087881897772
0.154	-0.5486903177413602	-5.73221186410161
0.155	-0.5543258955281406	-5.538582446335316
0.156	-0.5597674826340309	-5.344261330169742
0.157	-0.5650144181884801	-5.149310116429828
0.158	-0.5700661028668905	-4.953790287262283
0.15899999999999997	-0.5749219987630046	-4.7577631883288225
0.16	-0.5795816292435481	-4.561290011129038
0.161	-0.5840445787852627	-4.364431775458311
0.162	-0.5883104927944648	-4.167249312002907
0.163	-0.5923790774092687	-3.9698032450797283
0.16399999999999998	-0.5962500992846242	-3.7721539755241063
0.16499999999999998	-0.5999233853603169	-3.5743616637292086
0.166	-0.6033988226120827	-3.376486212841978
0.167	-0.6066763577860008	-3.1785872521199465
0.168	-0.6097559971163226	-2.9807241204531376
0.169	-0.6126378060269071	-2.7829558500553353
0.16999999999999998	-0.6153219088164332	-2.5853411503279355
0.17099999999999999	-0.6178084883275631	-2.3879383919010455
0.17200000000000001	-0.6200977856002354	-2.190805590855105
0.17300000000000001	-0.6221900995092732	-1.9940003931285255
0.17400000000000002	-0.6240857863864925	-1.7975800591136237
0.175	-0.6257852596275004	-1.60160144844268
0.176	-0.6272889892833778	-1.4061210049724493
0.177	-0.6285975016374453	-1.2111947419669589
0.178	-0.6297113787673118	-1.0168782274826427
0.17900000000000002	-0.6306312580924106	-0.8232265699600894
0.18	-0.6313578319072319	-0.6302944040252334
0.181	-0.6318918469004612	-0.43813587650287644
0.182	-0.6322341036602377	-0.246804632645925
0.183	-0.6323854561657531	-0.05635380258411926
0.184	-0.6323468112654059	0.13316401200696992
0.18500000000000003	-0.6321191281417393	0.32169675101034745
0.186	-0.6317034177633852	0.5091929087466807
0.187	-0.631100742324246	0.6956015466212939
0.188	-0.6303122146701428	0.8808723055399037
0.189	-0.6293389977131661	1.0649554180883758
0.19	-0.628182303833966	1.2478017204740621
0.19099999999999998	-0.626843394272218	1.4293626642282176
0.192	-0.6253235785055096	1.6095903276651113
0.193	-0.6236242136168878	1.7884374270965009
0.194	-0.6217467036513166	1.965857327799414
0.195	-0.619692498961289	2.1418040547349637
0.19599999999999998	-0.6174630955418466	2.316232303016086
0.19699999999999998	-0.6150600343552568	2.489097448122868
0.198	-0.6124849006456009	2.6603555558630254
0.199	-0.6097393232435309	2.8299633920763623
0.2	-0.6068249738614483	2.9978784320815466
0.201	-0.6037435663793678	3.1640588698627625
0.20199999999999999	-0.6004968561217229	3.328463626995626
0.20299999999999999	-0.5970866391253766	3.4910523613118083
0.204	-0.5935147513990991	3.651785475299152
0.20500000000000002	-0.5897830681747782	3.8106241242364947
0.20600000000000002	-0.5858935031506263	3.9675302240643195
0.207	-0.5818480077266497	4.122466458988116
0.208	-0.57764857023265	4.275396288812461
0.209	-0.5732972151490248	4.426283956007581
0.21	-0.5687960023206349	4.575094492506704
0.21100000000000002	-0.5641470261640114	4.721793726232493
0.21200000000000002	-0.5593524148681699	4.866348287353328
0.213	-0.5544143295893047	5.008725614267906
0.214	-0.5493349636396341	5.148893959318279
0.215	-0.5441165416706681	5.28682239423095
0.216	-0.5387613188511722	5.422480815285457
0.217	-0.5332715800400972	5.555839948210461
0.218	-0.5276496389547513	5.68687135280721
0.219	-0.5218978373344828	5.815547427300283
0.22	-0.5160185441001508	5.941841412415993
0.221	-0.5100141545096508	6.065727395188458
0.222	-0.5038870893097738	6.187180312492352
0.22299999999999998	-0.4976397938846661	6.306175954304605
0.224	-0.49127473740116445	6.422690966695094
0.225	-0.4847944119512759	6.536702854544857
0.226	-0.4782013316920747	6.648189983995079
0.227	-0.47149803198328577	6.757131584624792
0.228	-0.46468706852282515	6.863507751360631
0.22899999999999998	-0.4577710164805645	6.967299446117458
0.23	-0.45075246963059024	7.068488499170966
0.231	-0.4436340394822225	7.167057610264371
0.232	-0.4364183544100615	7.262990349448883
0.233	-0.4291080587833248	7.3562711576600215
0.23399999999999999	-0.42170581209474145	7.446885347030002
0.235	-0.4142142880892648	7.534819100937673
0.236	-0.4066361738928661	7.620059473798096
0.23700000000000002	-0.39897416914166867	7.702594390592204
0.23800000000000002	-0.3912309851116817	7.782412646138409
0.239	-0.38340934384939185	7.859503904106973
0.24	-0.3755119773034678	7.9338586957800885
0.241	-0.3675416264578317	8.005468418558342
0.242	-0.3595010404663512	8.074325334214954
0.24300000000000002	-0.3513929757894018	8.140422566900506
0.24400000000000002	-0.34322019533255016	8.20375410089927
0.245	-0.3349854675876033	8.264314778139658
0.246	-0.32669156577627084	8.322100295460238
0.247	-0.31834126699668275	8.37710720163351
0.248	-0.3099373513730038	8.429332894149487
0.249	-0.30148260120838377	8.47877561576188
0.25	-0.29297980014148006	8.525434450797926
0.251	-0.284431732306788	8.569309321235007
0.252	-0.27584118149901005	8.610400982546395
0.253	-0.2672109303416952	8.648711019317828
0.254	-0.25854375946037433	8.684241840638304
0.255	-0.24984244666041858	8.716996675266639
0.256	-0.2411097661098411	8.746979566577496
0.257	-0.2323484875272636	8.774195367288378
0.25799999999999995	-0.22356137537526438	8.798649733970556
0.259	-0.2147511880593225	8.820349121347395
0.26	-0.2059206771325696	8.839300776381828
0.261	-0.19707258650655887	8.855512732156303
0.262	-0.18820965166825698	8.868993801548264
0.26299999999999996	-0.17933459890346234	8.879753570703391
0.264	-0.1704501445268502	8.887802392310407
0.26499999999999996	-0.16155899411884153	8.893151378679784
0.266	-0.15266384176949066	8.89581239462972
0.267	-0.1437673693295821	8.895798050182563
0.268	-0.13487224566912553	8.89312169307424
0.269	-0.1259811259434336	8.88779740108072
0.26999999999999996	-0.1170966508669641	8.879839974164152
0.271	-0.1082214459951053	8.869264926441952
0.272	-0.09935812101408019	8.856088477982263
0.273	-0.09050926903914079	8.840327546429203
0.274	-0.08167746592122178	8.82199973846104
0.27499999999999997	-0.07286526956221871	8.801123341084695
0.276	-0.06407521923905239	8.777717312770255
0.27699999999999997	-0.0553098349366782	8.751801274428615
0.278	-0.04657161669019516	8.723395500235986
0.279	-0.03786304393620622	8.6925209083086
0.27999999999999997	-0.029186574873577953	8.659199051231228
0.281	-0.020544645833743765	8.623452106443139
0.282	-0.011939670660691676	8.58530286648498
0.28300000000000003	-0.0033740401007737995	8.544774729110218
0.284	0.005149878797528759	8.501891687264768
0.285	0.013629743273755738	8.456678318938568
0.28600000000000003	0.022063235435405896	8.409159776892615
0.287	0.030448062827540968	8.35936177826528
0.28800000000000003	0.038781958991936455	8.307310594061539
0.289	0.04706268401566405	8.253033038528919
0.29	0.055288025068994294	8.19655645842384
0.291	0.06345579693251173	8.13790872217213
0.292	0.07156384251333855	8.077118208927509
0.29300000000000004	0.07961003335036675	8.014213797531811
0.294	0.08759227010840218	7.949224855380716
0.295	0.09550848306112818	7.882181227198845
0.296	0.10335663256279988	7.813113223727957
0.297	0.11113470950858408	7.7420516103320765
0.29800000000000004	0.11884073578346403	7.669027595523632
0.299	0.12647276469963134	7.594072819413842
0.30000000000000004	0.13402888142229175	7.517219342091832
0.301	0.141507203383815	7.438499631935866
0.302	0.1489058806861635	7.357946553860919
0.303	0.15622309649153682	7.275593357505813
0.304	0.16345706740117513	7.191473665364725
0.30500000000000005	0.17060604382226627	7.105621460865644
0.306	0.17766831032290645	7.018071076400747
0.307	0.1846421859750678	6.928857181311796
0.308	0.19152602468553	6.83801476983481
0.309	0.1983182155147374	6.745579149007696
0.31	0.20501718298354543	6.651585926544135
0.311	0.21162138736782568	6.556070998678373
0.312	0.21812932498090215	6.459070537984377
0.313	0.22453952844379446	6.360620981172821
0.314	0.2308505669432478	6.260759016869663
0.315	0.2370610464775338	6.159521573380927
0.316	0.24316961009000967	6.056945806446265
0.317	0.2491749380904263	5.953069086985576
0.318	0.2550757482639808	5.84792898884276
0.319	0.2608707960681118	5.741563276529527
0.32	0.2665588748170399	5.634009892973079
0.321	0.27213881585405797	5.525306947271797
0.32199999999999995	0.2776094887115835	5.415492702462609
0.323	0.2829698012589832	5.304605563302644
0.324	0.2882186998381888	5.192684064069752
0.325	0.2933551693871227	5.0797668563848655
0.326	0.2983782335509586	4.965892697060631
0.32699999999999996	0.30328695478124396	4.851100435978223
0.328	0.30808043442291505	4.735429003997677
0.32899999999999996	0.3127578127892393	4.618917400903616
0.33	0.3173182692247223	4.501604683390781
0.331	0.32176102215602087	4.3835299530924905
0.332	0.3260853291309073	4.264732344655187
0.333	0.33029048684533124	4.145251013862483
0.33399999999999996	0.3343758311586323	4.025125125812684
0.335	0.3383407370969566	3.904393843151943
0.33599999999999997	0.34218461884493623	3.7830963143669627
0.337	0.34590692972569054	3.661271662140114
0.338	0.34950716216921646	3.5389589717711165
0.33899999999999997	0.35298484766923277	3.4161972796667994
0.34	0.3563395567285501	3.2930255619033066
0.34099999999999997	0.3595708987930394	3.169482722863187
0.342	0.36267852217427654	3.0456075839511154
0.343	0.3656621139609416	2.9214388723899365
0.344	0.3685213999190564	2.7970152101016996
0.34500000000000003	0.371256144381145	2.672375102674762
0.346	0.37386615012440594	2.547556928421207
0.34700000000000003	0.37635125823798743	2.422598927527025
0.348	0.37871134797946004	2.2975391912974374
0.349	0.3809463366205823	2.172415651500448
0.35000000000000003	0.38305617928246094	2.0472660698117595
0.351	0.3850408687602058	1.9221280273624686
0.35200000000000004	0.3869004353371859	1.7970389143935062
0.353	0.3886349465889929	1.6720359200186052
0.354	0.3902445071772231	1.5471560220983727
0.355	0.39172925863318964	1.42243597722852
0.356	0.39308937913168013	1.2979123108436408
0.35700000000000004	0.3943250832548769	1.1736213074399482
0.358	0.39543662174655997	1.0495990009187772
0.359	0.3964242812567145	0.9258811650533494
0.36	0.3972883840766666	0.8025033040804097
0.361	0.3980292878648753	0.6795006434204276
0.362	0.3986473853635075	0.556908120526417
0.363	0.3991431041059282	0.43476037586512306
0.36400000000000005	0.3995169061152378	0.31309174403229556
0.365	0.3997692875939928	0.19193624500338236
0.366	0.3999007786052446	0.07132757552222313
0.367	0.3999119427450372	-0.0487008993706739
0.368	0.3998033768065033	-0.1681161546682186
0.36900000000000005	0.3995757104357008	-0.2868855135839121
0.37	0.3992296057793355	-0.40497665559321994
0.371	0.3987657571245144	-0.522357624328923
0.372	0.3981848905306777	-0.638996835328004
0.373	0.39748776345385833	-0.7548630836283488
0.374	0.39667516436342104	-0.8699255512137349
0.375	0.3957479123514309	-0.9841538143070538
0.376	0.39470685673480693	-1.097517850507962
0.377	0.39355287665041494	-1.2099880457751289
0.378	0.3922868806432567	-1.3215352012515835
0.379	0.39090980624791183	-1.432130539932186
0.38	0.3894226195633923	-1.5417457131711165
0.38099999999999995	0.3878263148215696	-1.6503528070283824
0.382	0.3861219139493355	-1.7579243484553697
0.383	0.3843104661246589	-1.8644333113169709
0.384	0.38239304732670154	-1.9698531222507587
0.385	0.3803707598801574	-2.0741576663602377
0.38599999999999995	0.37824473199398106	-2.1773212927435615
0.387	0.37601611729467027	-2.2793188198553525
0.388	0.37368609435427036	-2.3801255407012722
0.389	0.3712558662132677	-2.4797172278649415
0.39	0.3687266598985405	-2.5780701383661118
0.39099999999999996	0.36609972593653556	-2.6751610183495256
0.392	0.3633763378618414	-2.7709671076044105
0.39299999999999996	0.36055779172132674	-2.8654661439131144
0.394	0.35764540557401514	-2.9586363672295946
0.395	0.3546405189868676	-3.0504565236863512
0.396	0.35154449252664244	-3.1409058694305823
0.397	0.34835870724800644	-3.229964174287475
0.39799999999999996	0.34508456417806754	-3.3176117252524393
0.399	0.34172348379750156	-3.4038293298110642
0.39999999999999997	0.33827690551844547	-3.488598319086128
0.401	0.33474628715932936	-3.571900550812995
0.402	0.3311331044168195	-3.6537184121420427
0.40299999999999997	0.3274388503350453	-3.734034822268778
0.404	0.323665034772282	-3.812833234891899
0.40499999999999997	0.3198131838652615	-3.890097640499024
0.406	0.31588483949128393	-3.965812568480054
0.407	0.31188155872830137	-4.03996308906912
0.408	0.3078049133131457	-4.1125348151148655
0.40900000000000003	0.30365648909807164	-4.18351390367952
0.41	0.29943788550578665	-4.252887057467208
0.41100000000000003	0.2951507149831372	-4.32064152608172
0.412	0.29079660245362315	-4.386765107114276
0.413	0.2863771847689087	-4.4512461470621325
0.41400000000000003	0.28189411015949883	-4.514073542078611
0.415	0.2773490376847515	-4.575236738553673
0.41600000000000004	0.2727436366823915	-4.634725733528522
0.417	0.26807958621769445	-4.692531074942302
0.418	0.26335857453250694	-4.748643861713142
0.419	0.2585822984942681	-4.803055743653833
0.42	0.2537524630451992	-4.855758921222628
0.42100000000000004	0.24887078065182286	-4.906746145111343
0.422	0.24393897075497653	-4.956010715670395
0.42300000000000004	0.23895875922048207	-5.003546482172105
0.424	0.23393187779063232	-5.049347841913549
0.425	0.22886006353665497	-5.0934097391599344
0.426	0.22374505831231248	-5.135727663929501
0.427	0.218588608208796	-5.1762976506212475
0.42800000000000005	0.21339246301106998	-5.215116276486451
0.429	0.20815837565582312	-5.252180659945371
0.43	0.20288810169117924	-5.287488458750683
0.431	0.19758339873832176	-5.321037867998229
0.432	0.19224602595518278	-5.352827617987277
0.43300000000000005	0.1868777435023472	-5.382856971931096
0.434	0.18148031201132062	-5.411125723519483
0.435	0.17605549205530824	-5.437634194334836
0.436	0.17060504362265094	-5.462383231122886
0.437	0.16513072559306247	-5.485374202920126
0.438	0.15963429521681072	-5.506608998039189
0.439	0.1541175075969841	-5.526090020913893
0.44	0.14858211517498293	-5.543820188805379
0.441	0.14302986721937333	-5.559802928371562
0.442	0.13746250931823983	-5.574042172100987
0.443	0.13188178287517133	-5.586542354613227
0.444	0.12628942460901338	-5.597308408827238
0.44499999999999995	0.12068716605751685	-5.606345762000163
0.446	0.11507673308501305	-5.613660331637446
0.447	0.10945984539424197	-5.619258521277024
0.448	0.103838216042459	-5.623147216148955
0.449	0.09821355096194408	-5.625333778712445
0.44999999999999996	0.0925875484850341	-5.625826044072552
0.451	0.08696189887379897	-5.624632315277996
0.45199999999999996	0.08133828385447811	-5.621761358502772
0.453	0.07571837615679343	-5.617222398112922
0.454	0.07010383905825227	-5.61102511162085
0.455	0.06449632593355173	-5.603179624529251
0.456	0.05889747980919376	-5.593696505066678
0.45699999999999996	0.05330893292341839	-5.582586758816847
0.458	0.04773230629156008	-5.56986182324393
0.459	0.042169209276930526	-5.5555335621158
0.46	0.03662123916732848	-5.539614259827576
0.461	0.03108998075727538	-5.522116615627619
0.46199999999999997	0.02557700593607324	-5.503053737748181
0.463	0.02008387328177902	-5.482439137442879
0.46399999999999997	0.014612127661187486	-5.460286722933377
0.465	0.009163299835912265	-5.43661079326744
0.466	0.0037389060746526037	-5.411426032090633
0.46699999999999997	-0.001659552228269001	-5.38474750133403
0.468	-0.007030588928015457	-5.356590634820204
0.469	-0.012372733497909408	-5.326971231789792
0.47000000000000003	-0.01768453139159504	-5.2959054503510155
0.471	-0.02296454439861144	-5.263409800854469
0.472	-0.02821135099330398	-5.2295011391955555
0.47300000000000003	-0.03342354667700255	-5.194196660046899
0.474	-0.03859974431339778	-5.157513890023162
0.47500000000000003	-0.04373857445704887	-5.119470680780589
0.476	-0.048838685674958957	-5.080085202053701
0.477	-0.05389874486115628	-5.039375934631566
0.478	-0.05891743754422209	-4.997361663275985
0.479	-0.06389346818770823	-4.954061469584027
0.48000000000000004	-0.06882556048339014	-4.909494724797403
0.481	-0.07371245763730304	-4.863681082560897
0.482	-0.07855292264851194	-4.816640471632542
0.483	-0.08334573858056814	-4.7683930885477555
0.484	-0.08808970882560745	-4.71895939023987
0.48500000000000004	-0.09278365736104789	-4.668360086619749
0.486	-0.09742642899884696	-4.616616133116459
0.48700000000000004	-0.10201688962728081	-4.5637487231818055
0.488	-0.10655392644521057	-4.509779280761079
0.489	-0.11103644818880298	-4.454729452732265
0.49	-0.1154633853506751	-4.398621101316231
0.491	-0.11983369039143545	-4.341476296460478
0.49200000000000005	-0.12414633794359606	-4.28331730819858
0.493	-0.12840032500783263	-4.22416659898793
0.494	-0.13259467114157192	-4.1640468160279855
0.495	-0.13672841863988863	-4.102980783561833
0.496	-0.14080063270869558	-4.040991495162752
0.497	-0.14481040163021414	-3.9781021060090045
0.498	-0.14875683692071362	-3.9143359251485044
0.499	-0.15263907348051114	-3.849716407756054
0.5	-0.15645626973622573	-3.784267147385681
0.501	-0.16020760777528248	-3.7180118682199197
0.502	-0.16389229347266557	-3.650974417318889
0.503	-0.16750955660992026	-3.5831787568710443
0.504	-0.17105865098640768	-3.514648956448346
0.505	-0.17453885452281695	-3.4454091852676587
0.506	-0.177949469356943	-3.375483704461349
0.507	-0.18128982193173962	-3.304896859358475
0.508	-0.18455926307565998	-3.2336730717795747
0.509	-0.18775716807529877	-3.161836832346637
0.5099999999999999	-0.19088293674035325	-3.089412692811419
0.511	-0.1939359934609216	-3.0164252584032045
0.512	-0.19691578725715966	-2.9428991801989657
0.513	-0.1998217918213195	-2.8688591475178744
0.514	-0.2026535055521954	-2.794329880342228
0.5149999999999999	-0.20541045158200397	-2.7193361217668355
0.516	-0.20809217779572908	-2.643902630479575
0.517	-0.21069825684296314	-2.568054173274423
0.518	-0.2132282861422779	-2.491815517599416
0.519	-0.21568188787816198	-2.4152114241420137
0.5199999999999999	-0.21805870899056193	-2.3382666394527325
0.521	-0.2203584211570674	-2.261005888610404
0.522	-0.22258072076778276	-2.183453867930368
0.523	-0.22472532889292815	-2.10563523771716
0.524	-0.22679199124321708	-2.027574615064809
0.5249999999999999	-0.2287804781230578	-1.949296566705505
0.526	-0.23069058437662812	-1.8708256019090568
0.527	-0.2325221293268759	-1.7921861654351805
0.528	-0.23427495670749848	-1.7134026305401089
0.5289999999999999	-0.23594893458795613	-1.6344992920393624
0.5299999999999999	-0.2375439552915772	-1.5555003594287797
0.531	-0.2390599353068137	-1.4764299500653055
0.532	-0.24049681519170782	-1.3973120824093548
0.533	-0.24185455947163242	-1.3181706693305428
0.5339999999999999	-0.2431331565303689	-1.2390295114782373
0.535	-0.2443326184945889	-1.1599122907190034
0.536	-0.2454529811118069	-1.0808425636421453
0.537	-0.24649430362187322	-1.0018437551352066
0.538	-0.24745666862207735	-0.9229391520307467
0.5389999999999999	-0.24834018192593474	-0.8441518968264339
0.54	-0.24914497241573022	-0.7655049814794396
0.541	-0.24987119188889362	-0.6870212412768556
0.542	-0.25051901489828393	-0.6087233487836186
0.543	-0.25108863858646085	-0.530633807869274
0.5439999999999999	-0.2515802825140225	-0.4527749478149823
0.545	-0.2519941884820908	-0.3751689175023054
0.546	-0.2523306203490271	-0.2978376796847204
0.547	-0.25258986384146026	-0.22080300534360608
0.5479999999999999	-0.2527722263597143	-0.1440864681297449
0.5489999999999999	-0.25287803677771975	-0.06770943889158887
0.55	-0.25290764523749754	0.008306919708545024
0.551	-0.25286142293830266	0.08394165848940593
0.552	-0.2527397619205187	0.1591740469546188
0.5529999999999999	-0.2525430748443934	0.23398357840592743
0.5539999999999999	-0.25227179476370687	0.30834997496367866
0.555	-0.2519263748944661	0.3822531924936867
0.556	-0.2515072883787195	0.4556734254398398
0.557	-0.25101502804358644	0.5285911115607
0.5579999999999999	-0.2504501061555981	0.6009869365702358
0.5589999999999999	-0.24981305417044597	0.6728418386809792
0.56	-0.24910442247823614	0.7441370130489289
0.561	-0.24832478014434814	0.8148539161193513
0.562	-0.24747471464599743	0.8849742698729263
0.563	-0.2465548316046023	0.9544800659709168
0.564	-0.24556575451405557	1.0233535697993235
0.5650000000000001	-0.24450812446500364	1.0915773244106335
0.5660000000000001	-0.24338259986523433	1.159134154363181
0.567	-0.2421898561562773	1.2260071694568246
0.568	-0.2409305855263207	1.2921797683646263
0.569	-0.23960549661954805	1.3576356421601958
0.5700000000000001	-0.23821531424200032	1.4223587777396767
0.5710000000000001	-0.23676077906406873	1.4863334611383698
0.572	-0.23524264731972358	1.5495442807412634
0.573	-0.2336616905025862	1.6119761303867997
0.574	-0.23201869505894998	1.67361421236413
0.5750000000000001	-0.23031446207785794	1.734444040302957
0.5760000000000001	-0.22854980697834407	1.7944514419557382
0.577	-0.22672555919394644	1.8536225618720341
0.578	-0.2248425618546	1.9119438639647046
0.579	-0.22290167146601703	1.969402133967929
0.5800000000000001	-0.22090375758666417	2.025984481786383
0.581	-0.21884970250244426	2.081678343735932
0.582	-0.2167404008991923	2.1364714846751482
0.583	-0.21457675953309396	2.190352000028248
0.584	-0.21235969689913578	2.2433083176987973
0.5850000000000001	-0.2100901428976964	2.295329199874352
0.586	-0.20776903849938708	2.3464037447224193
0.587	-0.20539733540825156	2.396521387976816
0.588	-0.20297599572343344	2.4456719044155943
0.589	-0.20050599159942037	2.4938454092299085
0.5900000000000001	-0.19798830490497366	2.541032359284226
0.591	-0.19542392688085194	2.5872235542681725
0.592	-0.19281385779643728	2.6324101377397935
0.593	-0.19015910660537233	2.676583598060611
0.594	-0.18746069060031606	2.7197357692232553
0.5950000000000001	-0.18471963506692585	2.761858831571304
0.596	-0.18193697293717345	2.8029453124119446
0.597	-0.17911374444210193	2.8429880865215447
0.598	-0.17625099676413034	2.881980376544857
0.5990000000000001	-0.17334978368901222	2.9199157532882603
0.6	-0.17041116525755381	2.9567881359072596
0.601	-0.16743620741719772	2.9925917919886995
0.602	-0.16442598167357642	3.0273213375285186
0.603	-0.1613815647421407	3.060971736805043
0.6040000000000001	-0.1583040381999663	3.093538302149007
0.605	-0.15519448813784267	3.1250166936102746
0.606	-0.15205400481274575	3.1554029185225234
0.607	-0.14888368230079763	3.1846933309658403
0.608	-0.14568461815081407	3.212884631128357
0.6090000000000001	-0.1424579130385409	3.2399738645675358
0.61	-0.13920467042167897	3.265958421371756
0.611	-0.1359259961957974	3.2908360352228856
0.612	-0.1326229983512332	3.3146047823609663
0.613	-0.1292967866310755	3.337263080451236
0.6140000000000001	-0.12594847219033073	3.358809687354927
0.615	-0.12257916725636567	3.3792436998040034
0.616	-0.11918998479072272	3.398564551981592
0.617	-0.1157820381524025	3.416772014008064
0.618	-0.1123564407627066	3.433866190334471
0.619	-0.10891430577173355	3.449847518043683
0.62	-0.10545674572661923	3.464716765060667
0.621	-0.10198487224161223	3.4784750282725456
0.622	-0.09849979567007415	3.4911237315596932
0.623	-0.09500262477849285	3.5026646237387298
0.624	-0.09149446642259669	3.5130997764184975
0.625	-0.08797642522565587	3.5224315817702565
0.626	-0.08444960325905618	3.5306627502130135
0.627	-0.08091509972522984	3.5377963080150816
0.628	-0.07737401064302601	3.5438355948132423
0.629	-0.07382742853560335	3.548784261050375
0.63	-0.07027644212092526	3.552646265332901
0.631	-0.06672213600493755	3.555425871709178
0.632	-0.06316559037750691	3.557127646870089
0.633	-0.059607880711197374	3.557756457273027
0.634	-0.056050077462960854	3.557317466190486
0.635	-0.0524932457788164	3.5558161306845637
0.636	-0.048938445201591727	3.5532581985086438
0.637	-0.045386729381799114	3.549649704937541
0.6379999999999999	-0.041839145791716645	3.544996969527408
0.639	-0.0382967354427443	3.539306592806737
0.64	-0.03476053260610317	3.5325854528997933
0.641	-0.03123156453694471	3.5248407020837935
0.642	-0.027710851201935584	3.516079763281214
0.6429999999999999	-0.024199405010382282	3.506310326488635
0.644	-0.020698230548958314	3.495540345143452
0.645	-0.017208324320095378	3.483778032429876
0.646	-0.013730674484098558	3.4710318575256203
0.647	-0.010266260605044137	3.457310541790701
0.6479999999999999	-0.006816053400517157	3.442623054899809
0.649	-0.0033810144952445198	3.426978610919624
0.65	3.7903821322091195e-5	3.4103866643325813
0.651	0.0034397588334206426	3.3928569060085176
0.6519999999999999	0.006823617633339127	3.3743992591256697
0.6529999999999999	0.010188557351671982	3.3550238750424977
0.654	0.013533665383424123	3.3347411291218205
0.655	0.016858039609915623	3.3135616165087414
0.656	0.020160788616441605	3.2914961478638562
0.6569999999999999	0.02344103190564334	3.2685557450532543
0.658	0.026697900106548114	3.2447516367967997
0.659	0.02993053517923694	3.2200952542762487
0.66	0.03313809061510061	3.194598226704648
0.661	0.03631973163264624	3.1682723768585928
0.6619999999999999	0.039474635368817804	3.141129716574806
0.663	0.04260199106579586	3.113182442212654
0.664	0.04570100025324311	3.0844429300840512
0.665	0.048770876925963956	3.054923731852323
0.666	0.051810847716947765	3.024637569901518
0.6669999999999999	0.054820152065767	2.993597332677674
0.668	0.057798042382303114	2.9618160700037586
0.669	0.06074378420577452	2.929306988369615
0.67	0.06365665635904234	2.8960834461984746
0.6709999999999999	0.06653595109817147	2.8621589490916697
0.6719999999999999	0.06938097425722568	2.827547145053004
0.673	0.07219104538827747	2.7922618196943167
0.674	0.07496549789661432	2.7563168914237837
0.675	0.07770367917112504	2.7197264066185083
0.6759999999999999	0.08040495070985133	2.6825045347828658
0.6769999999999999	0.08306868824069077	2.6446655636940957
0.678	0.08569428183723952	2.606223894536824
0.679	0.08828113602976442	2.5671940370278685
0.68	0.09082866991129528	2.527590604532823
0.6809999999999999	0.09333631723883007	2.487428309176018
0.6819999999999999	0.0958035265296473	2.4467219569454244
0.683	0.09822976115272092	2.4054864427937304
0.684	0.10061449941523476	2.363736745737213
0.685	0.10295723464419534	2.321487923954063
0.6859999999999999	0.10525747526314287	2.278755109883346
0.6869999999999999	0.10751474486396204	2.235553505326254
0.6880000000000001	0.10972858227379538	2.191898376550906
0.6890000000000001	0.11189854161706386	2.1478050494024155
0.69	0.11402419237260021	2.103288904419409
0.691	0.11610511942590268	2.0583653719586925
0.692	0.1181409231165176	2.013049927329126
0.6930000000000001	0.12013121928056095	1.967358085936427
0.6940000000000001	0.12207563928839045	1.9213053984401471
0.695	0.12397383007744124	1.8749074459243689
0.696	0.1258254541802392	1.8281798350831893
0.697	0.12763018974760762	1.7811381934227515
0.6980000000000001	0.12938773056708472	1.7337981644808402
0.6990000000000001	0.13109778607656933	1.686175403065454
0.7	0.13276008137321563	1.638285570514042
0.701	0.1343743572175974	1.5901443299742162
0.702	0.13594037003316406	1.5417673417074118
0.7030000000000001	0.13745789190101224	1.4931702584169981
0.7040000000000001	0.13892671054999808	1.4443687206018296
0.705	0.14034662934221587	1.3953783519366074
0.706	0.14171746725387127	1.346214754680608
0.707	0.14303905885157708	1.2968935051152901
0.7080000000000001	0.14431125426410188	1.2474301490126571
0.709	0.1455339191496024	1.1978401971352441
0.71	0.1467069346583724	1.1481391207693175
0.711	0.147830197391141	1.0983423472916976
0.712	0.1489036193529558	1.0484652557724294
0.7130000000000001	0.1499271279026859	0.9985231726131749
0.714	0.15090066569818214	0.9485313672234624
0.715	0.15182419063713282	0.8985050477357814
0.716	0.1526976757936537	0.8484593567599508
0.717	0.15352110935065272	0.7984093671784681
0.7180000000000001	0.15429449452801064	0.7483700779837565
0.719	0.15501784950662023	0.698356410158224
0.72	0.15569120734832712	0.6483832025981628
0.721	0.15631461591181658	0.5984652080824743
0.7220000000000001	0.15688813776449204	0.5486170892875647
0.7230000000000001	0.15741185009039174	0.4988534148490237
0.724	0.15788584459419008	0.4491886554705282
0.725	0.1583102274013328	0.3996371800823184
0.726	0.15868511895435472	0.3502132520486617
0.7270000000000001	0.15901065390543012	0.3009310254260128
0.728	0.15928698100520672	0.2518045412726322
0.729	0.15951426298797539	0.2028477240104548
0.73	0.15969267645322766	0.15407437783969413
0.731	0.1598224117436548	0.10549818320758353
0.7320000000000001	0.15990367281964285	0.0571326933317684
0.733	0.15993667713031834	0.008991330779001272
0.734	0.15992165548120085	-0.03891261589991646
0.735	0.1598588518985185	-0.0865659954784187
0.736	0.15974852349024404	-0.1339557973047273
0.7370000000000001	0.15959094030390905	-0.18106915449432603
0.738	0.15938638518125542	-0.2278933470631489
0.739	0.15913515360978278	-0.27441580500159324
0.74	0.15883755357125223	-0.32062411128801205
0.741	0.15849390538720676	-0.3665060048414631
0.742	0.1581045415615693	-0.41204938341316
0.743	0.15766980662038044	-0.45724230641588925
0.744	0.15719005694873753	-0.5020729976910054
0.745	0.15666566062499843	-0.5465298482123238
0.746	0.15609699725231288	-0.5906014187265773
0.747	0.15548445778754527	-0.6342764423299257
0.748	0.154828444367653	-0.6775438269799733
0.749	0.15412937013358533	-0.7203926579428394
0.75	0.15338765905176732	-0.7628122001753085
0.751	0.1526037457332347	-0.8047919006409915
0.752	0.15177807525048537	-0.8463213905605116
0.753	0.15091110295211368	-0.8873904875954935
0.754	0.15000329427529438	-0.9279891979656757
0.755	0.14905512455618233	-0.9681077184992282
0.756	0.14806707883829592	-1.0077364386156111
0.757	0.14703965167895114	-1.0468659422410291
0.758	0.14597334695381384	-1.0854870096562441
0.759	0.14486867765963865	-1.1235906192759575
0.76	0.14372616571526192	-1.1611679493606086
0.7609999999999999	0.14254634176091743	-1.1982103796594756
0.762	0.14132974495594297	-1.234709492985389
0.763	0.14007692277494668	-1.2706570767207215
0.764	0.13878843080250153	-1.3060451242548758
0.765	0.13746483252643696	-1.3408658363526504
0.7659999999999999	0.13610669912979623	-1.3751116224540587
0.767	0.13471460928152884	-1.4087751019048604
0.768	0.1332891489259865	-1.4418491051184368
0.769	0.13183091107129197	-1.474326674668555
0.77	0.1303404955766494	-1.5062010663132868
0.7709999999999999	0.1288185089386654	-1.5374657499499234
0.772	0.12726556407674955	-1.5681144105011007
0.773	0.12568228011766322	-1.5981409487321463
0.774	0.12406928217928526	-1.6275394819998679
0.775	0.12242720115366348	-1.6563043449324826
0.7759999999999999	0.1207566734894203	-1.6844300900414888
0.777	0.1190583409735805	-1.711911488265161
0.778	0.11733285051289	-1.73874352944383
0.779	0.11558085391469285	-1.764921422727536
0.7799999999999999	0.11380300766743492	-1.7904405969157433
0.7809999999999999	0.11199997272086136	-1.8152967007298708
0.782	0.11017241426597518	-1.839485603018519
0.783	0.10832100151482432	-1.8630033928958358
0.784	0.10644640748018352	-1.8858463798132885
0.7849999999999999	0.10454930875519775	-1.9080110935651429
0.786	0.10263038529305324	-1.9294942842278882
0.787	0.10069032018674197	-1.9502929220341982
0.788	0.09872979944898483	-1.97040419718153
0.789	0.09674951179237891	-1.9898255195758343
0.7899999999999999	0.09475014840983316	-2.008554518510945
0.791	0.09273240275535703	-2.0265890422837205
0.792	0.09069697032526573	-2.04392715774572
0.793	0.08864454843986559	-2.0605671497916367
0.794	0.08657583602568246	-2.0765075207850243
0.7949999999999999	0.08449153339829554	-2.0917469899218513
0.796	0.08239234204583877	-2.1062844925323136
0.797	0.08027896441323092	-2.1201191793215335
0.798	0.0781521036871957	-2.1332504155494174
0.7989999999999999	0.07601246358213208	-2.1456777801505678
0.7999999999999999	0.07386074812689457	-2.157401064794562
0.801	0.07169766145254296	-2.1684202728872726
0.802	0.06952390758112002	-2.1787356185138247
0.803	0.06734019021551531	-2.1883475253237292
0.8039999999999999	0.06514721253047258	-2.1972566253588983
0.8049999999999999	0.06294567696479751	-2.2054637578252274
0.806	0.060736285014822124	-2.2129699678080894
0.807	0.05851973702918133	-2.2197765049328315
0.808	0.05629673200495647	-2.2258848219706766
0.8089999999999999	0.05406796738523999	-2.231296573390787
0.8099999999999999	0.051834138858174894	-2.2360136138591704
0.811	0.049595940157521654	-2.2400379966851585
0.812	0.04735406286480458	-2.243371972216253
0.813	0.04510919621308915	-2.2460179861819376
0.814	0.0428620268924407	-2.2479786779873376
0.815	0.04061323885711448	-2.2492568789573943
0.8160000000000001	0.03836351313452592	-2.2498556105324115
0.8170000000000001	0.03611352763604965	-2.2497780824156375
0.818	0.033863956969694645	-2.2490276906737723
0.819	0.03161547225470211	-2.2476080157912603
0.82	0.029368740938112124	-2.245522820679009
0.8210000000000001	0.027124426613344094	-2.242776048638434
0.8220000000000001	0.02488318884083526	-2.239371821281755
0.823	0.022645682970780585	-2.2353144364092685
0.824	0.020412559968016723	-2.230608365844452
0.825	0.018184466239091684	-2.2252582532278335
0.8260000000000001	0.015962043461561055	-2.219268911770436
0.8270000000000001	0.013745928415550812	-2.2126453219676567
0.828	0.011536752817625746	-2.2053926292745234
0.829	0.009335143157001765	-2.1975161417431734
0.83	0.007141720534139397	-2.1890213276234305
0.8310000000000001	0.004957100501754904	-2.1799138129274365
0.832	0.002781892908284524	-2.1701993789592247
0.833	0.000616701743836455	-2.1598839598101196
0.834	-0.0015378750113357149	-2.1489736398209174
0.835	-0.0036812455358053798	-2.137474651011765
0.8360000000000001	-0.005812824313359245	-2.1253933704806593
0.837	-0.007932032276766698	-2.1127363177715095
0.838	-0.010038296948902264	-2.0995101522126998
0.839	-0.012131052581192098	-2.085721670227087
0.84	-0.01420974028935644	-2.071377802614403
0.8410000000000001	-0.016273808186420904	-2.056485611806982
0.842	-0.018322711512970404	-2.0410522890998064
0.843	-0.020355912764620517	-2.025085151855779
0.844	-0.022372881816681962	-2.008591640687226
0.8450000000000001	-0.02437309604599497	-1.9915793166145699
0.8460000000000001	-0.0263560404499111	-1.9740558582031358
0.847	-0.02832120776240124	-1.9560290586790856
0.848	-0.030268098567269273	-1.937506823025379
0.849	-0.032196221408452	-1.9184971650588085
0.8500000000000001	-0.03410509289738689	-1.8990082044890582
0.851	-0.035994237817430115	-1.8790481639607073
0.852	-0.037863189225308305	-1.8586253660792007
0.853	-0.03971148854958852	-1.83774823042172
0.854	-0.04153868568615175	-1.8164252705339805
0.8550000000000001	-0.04334433909065648	-1.7946650909138433
0.856	-0.045128015867979446	-1.7724763839828128
0.857	-0.046889291858622104	-1.749867927046251
0.858	-0.04862775172207195	-1.7268485792434236
0.859	-0.05034298901710895	-1.703427278488219
0.8600000000000001	-0.052034606279048386	-1.67961303840157
0.861	-0.053702215093912084	-1.6554149452365219
0.862	-0.05534543616952143	-1.6308421547969292
0.863	-0.05696389940350594	-1.6059038893506161
0.864	-0.05855724394822267	-1.580609434538152
0.8650000000000001	-0.060125118272582254	-1.554968136278003
0.866	-0.06166718022077868	-1.528989397669135
0.867	-0.06318309706792052	-1.5026826758919205
0.868	-0.06467254557256252	-1.476057479108346
0.869	-0.06613521202613722	-1.4491233633623646
0.87	-0.06757079229928725	-1.4218899294814458
0.871	-0.06897899188510011	-1.3943668199801473
0.872	-0.07035952593924756	-1.3665637159666482
0.873	-0.0717121193170334	-1.3384903340531509
0.874	-0.07303650660735386	-1.3101564232711749
0.875	-0.07433243216357575	-1.281571761992381
0.876	-0.07559965013133864	-1.2527461548560437
0.877	-0.07683792447328784	-1.223689429703946
0.878	-0.07804702899074653	-1.1944114345237775
0.879	-0.07922674734233541	-1.164922034401529
0.88	-0.0803768730595496	-1.1352311084840554
0.881	-0.08149720955930352	-1.1053485469526418
0.882	-0.08258757015345489	-1.0752842480083318
0.883	-0.08364777805532018	-1.0450481148698219
0.8839999999999999	-0.08467766638319452	-1.0146500527848865
0.885	-0.08567707816088996	-0.9840999660561678
0.886	-0.08664586631530685	-0.9534077550818961
0.887	-0.08758389367105376	-0.9225833134127309
0.888	-0.08849103294213233	-0.8916365248251845
0.8889999999999999	-0.08936716672070413	-0.8605772604126649
0.89	-0.09021218746295766	-0.8294153756948364
0.891	-0.09102599747209379	-0.7981607077459582
0.892	-0.09180850887844957	-0.7668230723431521
0.893	-0.0925596436167801	-0.7354122611351668
0.8939999999999999	-0.0932793334007199	-0.703938038832605
0.895	-0.0939675196944453	-0.6724101404201945
0.896	-0.09462415368156027	-0.640838268391751
0.897	-0.09524919623122882	-0.6092320900088557
0.898	-0.09584261786157798	-0.5776012345834677
0.8989999999999999	-0.09640439870039576	-0.5459552907857573
0.9	-0.0969345284431495	-0.5143038039773229
0.901	-0.0974330063083504	-0.4826562735707335
0.902	-0.09789984099029096	-0.4510221504159806
0.9029999999999999	-0.09833505060918236	-0.41941083421449116
0.9039999999999999	-0.09873866265871996	-0.38783167096139576
0.905	-0.09911071395110516	-0.35629395041648915
0.906	-0.09945125055955294	-0.3248069036048268
0.907	-0.0997603277583148	-0.29337970034724187
0.9079999999999999	-0.10003800996024742	-0.26202144682153233
0.909	-0.10028437065195785	-0.2307411831547479
0.91	-0.10049949232655692	-0.19954788104745852
0.911	-0.10068346641405275	-0.16845044143015686
0.912	-0.10083639320941723	-0.13745769215268988
0.9129999999999999	-0.10095838179835813	-0.10657838570687223
0.914	-0.10104954998083096	-0.07582119698324591
0.915	-0.10111002419232461	-0.04519472106215283
0.916	-0.10113993942295528	-0.014707471039633602
0.917	-0.10113943913440389	0.015632124111271406
0.9179999999999999	-0.10110867517473274	0.04581572164324976
0.919	-0.10104780769111739	0.07583506710125837
0.92	-0.10095700504053023	0.10568199635235115
0.921	-0.10083644369841269	0.1353484375783559
0.9219999999999999	-0.10068630816537354	0.16482641323088687
0.9229999999999999	-0.1005067908719509	0.19410804194856107
0.924	-0.1002980920814764	0.22318554043562755
0.925	-0.10006041979107964	0.25205122530215507
0.926	-0.0997939896308721	0.28069751486500816
0.9269999999999999	-0.09949902476134963	0.30911693090939635
0.9279999999999999	-0.09917575576905333	0.33730210041064274
0.929	-0.09882442056052834	0.3652457572160192
0.93	-0.09844526425462129	0.39294074368602383
0.931	-0.09803853907315631	0.4203800122952184
0.9319999999999999	-0.09760450423003085	0.44755662719198064
0.9329999999999999	-0.09714342581877235	0.4744637657170189
0.934	-0.09665557669859683	0.501094719880607
0.935	-0.09614123637901113	0.5274428977980402
0.936	-0.09560069090300076	0.5535018250831109
0.9369999999999999	-0.09503423272884491	0.5792651461996728
0.938	-0.09444216061060141	0.6047266257706574
0.9390000000000001	-0.0938247794773036	0.6298801498448026
0.9400000000000001	-0.09318240031091181	0.6547197271206118
0.941	-0.09251534002306239	0.6792394901275547
0.942	-0.09182392133065671	0.7034336963643584
0.943	-0.09110847263033367	0.7272967293941098
0.9440000000000001	-0.09036932787186848	0.7508230998962347
0.9450000000000001	-0.0896068264305412	0.7740074466751762
0.946	-0.08882131297851813	0.7968445376257821
0.947	-0.08801313735528964	0.8193292706551516
0.948	-0.08718265443720781	0.8414566745610086
0.9490000000000001	-0.08633022400616762	0.8632219098664503
0.9500000000000001	-0.08545621061747491	0.8846202696113011
0.951	-0.08456098346694502	0.9056471800996807
0.952	-0.08364491625727555	0.926298201604045
0.953	-0.08270838706373693	0.9465690290256096
0.9540000000000001	-0.08175177819922434	0.9664554925111964
0.9550000000000001	-0.08077547607871453	0.9859535580265463
0.956	-0.07977987108317126	1.0050593278860196
0.957	-0.07876535742294251	1.0237690412390963
0.958	-0.07773233300069309	1.042079074513251
0.9590000000000001	-0.076681199273916	1.0599859418136335
0.96	-0.0756123611170658	1.0774862952795603
0.961	-0.0745262266833569	1.094576925397911
0.962	-0.07342320726626998	1.111254761273668
0.963	-0.07230371716080956	1.127516870857395
0.9640000000000001	-0.07116817352455519	1.1433604611302273
0.965	-0.07001699623854911	1.1587828782462506
0.966	-0.06885060776806269	1.1737816076325402
0.967	-0.06766943302328403	1.1883542740470308
0.968	-0.06647389921996864	1.2024986415943988
0.9690000000000001	-0.06526443574009523	1.2162126137001752
0.97	-0.06404147399256829	1.2294942330432144
0.971	-0.0628054472740088	1.242341681446976
0.972	-0.06155679062967434	1.2547532797295875
0.9730000000000001	-0.06029594071454963	1.266727487513112
0.974	-0.05902333565464812	1.2782629029922283
0.975	-0.05773941490856516	1.2893582626625835
0.976	-0.05644461912932295	1.30001244100909
0.977	-0.05513939002654698	1.3102244501545581
0.9780000000000001	-0.05382417022901384	1.3199934394688209
0.979	-0.05249940314760934	1.3293186951387896
0.98	-0.05116553283873626	1.338199639699642
0.981	-0.04982300386821006	1.34663583152762
0.982	-0.04847226117568102	1.3546269642946487
0.9830000000000001	-0.04711374993962076	1.3621728663852395
0.984	-0.04574791544291055	1.3692735002759568
0.985	-0.044375202939068846	1.3759289618778674
0.986	-0.042996057519154814	1.3821394798422988
0.987	-0.04161092397938425	1.3879054148303975
0.9880000000000001	-0.04022024668949401	1.393227258746795
0.989	-0.03882446946189066	1.3981056339377949
0.99	-0.03742403542161842	1.4025412923545955
0.991	-0.03601938687718147	1.4065351146818235
0.992	-0.03461096519225478	1.4100881094319395
0.993	-0.033199210658317595	1.4132014120059218
0.994	-0.03178456236824293	1.4158762837205974
0.995	-0.0303674580908764	1.4181141108031563
0.996	-0.028948334146636612	1.4199164033533995
0.997	-0.0275276252841696	1.4212847942739504
0.998	-0.02610576455808871	1.4222210381691809
0.999	-0.02468318320783124	1.4227270102131138
1.0	-0.023260310537662483	1.4228047049869366
