0.001	0.99985	-0.29922942643390016
0.002	0.9994015411471324	-0.5968768918101497
0.003	0.9986562462163797	-0.8928612146484882
0.004	0.9976158187178354	-1.1871021160618223
0.004999999999999999	0.996282041984256	-1.479520239278942
0.006	0.9946567782392775	-1.7700371687924266
0.007	0.9927419676466711	-2.058575449130462
0.008	0.9905396273410165	-2.3450586032475185
0.009	0.9880518504401762	-2.6294111505300033
0.01	0.9852808050399566	-2.911558624414501
0.011	0.9822287331913472	-3.191427589614104
0.012	0.9788979498607284	-3.4689456589505063
0.013	0.9752908418734462	-3.7440415097888535
0.014	0.9714098668411507	-4.0166449000714755
0.015	0.9672575520733032	-4.286686683948548
0.016	0.9628364934732537	-4.554098827002917
0.016999999999999998	0.9581493544192975	-4.818814421066408
0.018000000000000002	0.9531988646311209	-5.080767698624699
0.019	0.9479878190220481	-5.339894046809124
0.02	0.9425190765375027	-5.596130020973589
0.020999999999999998	0.9367955589801009	-5.84941335785405
0.022000000000000002	0.9308202498217947	-6.099682988308763
0.023	0.9245961930034834	-6.346879049637654
0.024	0.9181264917225194	-6.5909428974786906
0.025	0.9114143072085261	-6.831817117281314
0.026	0.9044628574879567	-7.069445535354157
0.027	0.8972754161378178	-7.303773229485888
0.027999999999999997	0.8898553110289851	-7.534746539139269
0.029	0.8822059230595392	-7.762313075216742
0.03	0.8743306848785517	-7.986421729395676
0.031	0.8662330796007478	-8.207022683036413
0.032	0.8579166395124789	-8.424067415656655
0.032999999999999995	0.8493849447694346	-8.63750871297725
0.034	0.8406416220865243	-8.847300674536928
0.035	0.8316903434203609	-9.053398720874295
0.036	0.8225348246447757	-9.255759600281243
0.037	0.8131788242197984	-9.454341395122412
0.038	0.8036261418545309	-9.649103527726355
0.039	0.7938806171643458	-9.840006765845066
0.04	0.7839461283228407	-10.027013227684234
0.041	0.7738265907089774	-10.210086386503392
0.041999999999999996	0.763525955549834	-10.389191074788807
0.043000000000000003	0.7530482085593999	-10.56429348799809
0.044	0.7423973685738378	-10.735361187878544
0.045	0.7315774861836428	-10.90236310535908
0.046	0.7205926423631196	-11.065269543020174
0.047	0.7094469470976025	-11.2240521771389
0.048	0.6981445380088419	-11.378684059313581
0.049	0.6866895789789753	-11.529139617669271
0.049999999999999996	0.6750862587735033	-11.675394657643945
0.051	0.6633387896636875	-11.817426362359384
0.052000000000000005	0.6514514060487845	-11.95521329257887
0.053	0.6394283630785298	-12.088735386250827
0.054	0.6272739352762828	-12.21797395764429
0.055	0.6149924151632413	-12.342911696075765
0.056	0.6025881118841313	-12.463532664232057
0.057	0.5900653498347772	-12.579822296089116
0.058	0.5774284672919531	-12.691767394431896
0.059	0.5646818150459134	-12.799356127976557
0.060000000000000005	0.551829755036	-12.902578028098633
0.061	0.5388766589897162	-13.001423985169291
0.062	0.5258269070656614	-13.095886244503419
0.063	0.5126848865007093	-13.185958401922381
0.064	0.4994549902618166	-13.271635398934666
0.065	0.48614161570284	-13.3529135175382
0.06599999999999999	0.4727491632267402	-13.429790374647116
0.067	0.4592820349535458	-13.50226491614709
0.068	0.44574463339444603	-13.570337410582445
0.069	0.43214136013238097	-13.634009442478723
0.07	0.4184766145094886	-13.693283905305552
0.071	0.40475479232176986	-13.748164994081769
0.072	0.39098028452132505	-13.79865819762896
0.073	0.37715747592651194	-13.844770290475871
0.074	0.3632907439403733	-13.886509324418622
0.075	0.34938445727767475	-13.923884619740868
0.07600000000000001	0.33544297470089157	-13.956906756098064
0.077	0.3214706437654786	-13.985587563070112
0.078	0.30747179957475135	-14.00994011038753
0.079	0.29345076354470356	-14.029978697834899
0.08	0.27941184217908155	-14.045718844836768
0.081	0.2653593258550301	-14.057177279730382
0.08199999999999999	0.2512974876196208	-14.064371928730418
0.08299999999999999	0.2372305819975692	-14.067321904589758
0.084	0.22316284381044127	-14.066047494962083
0.085	0.209098487007645	-14.060570150471255
0.08600000000000001	0.19504170350949876	-14.050912472491419
0.08700000000000001	0.18099666206266216	-14.037098200644401
0.088	0.16696750710820996	-14.019152200018397
0.089	0.15295835766262536	-13.997100448113697
0.09	0.13897330621198256	-13.970970021520799
0.091	0.12501641761958374	-13.940789082335925
0.092	0.11109172804731071	-13.906586864319323
0.09300000000000001	0.09720324389094509	-13.868393658802248
0.094	0.08335494072970623	-13.826240800347444
0.095	0.0695507622902502	-13.780160652169148
0.096	0.05579461942536792	-13.730186591317791
0.097	0.04209038910761463	-13.676352993635337
0.098	0.02844191343809725	-13.618695218486879
0.09899999999999999	0.014852998670640872	-13.557249593273788
0.09999999999999999	0.0013274142515496716	-13.492053397734598
0.10099999999999999	-0.012131108124828323	-13.423144848039172
0.10200000000000001	-0.02551887544452867	-13.350563080681964
0.10300000000000001	-0.03883223428619225	-13.274348136180203
0.10400000000000001	-0.052067571716889076	-13.194540942582831
0.105	-0.06522131617135792	-13.11118329879615
0.106	-0.07828993831448139	-13.024317857731969
0.107	-0.09126995188682185	-12.933988109284234
0.108	-0.10415791453304986	-12.840238363140195
0.109	-0.11695042861310224	-12.743113731431839
0.10999999999999999	-0.12964414199591354	-12.642660111233834
0.111	-0.14223574883556994	-12.538924166913795
0.112	-0.15472199032974113	-12.431953312340871
0.113	-0.16709965546025168	-12.321795692959144
0.114	-0.17936558171565944	-12.20850016773109
0.115	-0.19151665579571386	-12.092116290957675
0.11599999999999999	-0.20354981429757482	-11.972694293981373
0.11699999999999999	-0.2154620443836766	-11.850285066777309
0.118	-0.22725038443112947	-11.724940139439601
0.11900000000000001	-0.23891192466255584	-11.596711663568085
0.12000000000000001	-0.25044380775826564	-11.465652393562175
0.12100000000000001	-0.26184322944968025	-11.331815667827593
0.122	-0.2731074390939208	-11.195255389901737
0.123	-0.2842337402294837	-11.056026009504727
0.124	-0.2952194911129303	-10.91418250352083
0.125	-0.3060621052365254	-10.769780356917362
0.126	-0.316759051826765	-10.62287554360658
0.127	-0.32730785632373854	-10.473524507256831
0.128	-0.33770610084127867	-10.321784142058782
0.129	-0.3479514246078561	-10.16771177345263
0.13	-0.358041524388184	-10.011365138822558
0.13099999999999998	-0.36797415488550117	-9.852802368163992
0.132	-0.377747129124512	-9.69208196473037
0.133	-0.3873583188149619	-9.529262785663517
0.134	-0.3968056546958391	-9.36440402261629
0.135	-0.4060871268601945	-9.197565182370443
0.13599999999999998	-0.41520078506058	-9.028806067457761
0.137	-0.42414473899511	-8.858186756788761
0.13799999999999998	-0.4329171585741575	-8.685767586295661
0.139	-0.44151627416770134	-8.511609129594644
0.13999999999999999	-0.44994037683334676	-8.335772178673734
0.141	-0.45818781852504886	-8.158317724611841
0.14200000000000002	-0.46625701228257044	-7.979306938333347
0.143	-0.47414643240171556	-7.798801151406353
0.14400000000000002	-0.48185461458538315	-7.6168618368875896
0.145	-0.48938015607549074	-7.433550590220716
0.14600000000000002	-0.4967217157658246	-7.248929110193508
0.147	-0.5038780142958778	-7.063059179958919
0.148	-0.5108478341257424	-6.876002648125545
0.149	-0.5176300195921288	-6.6878214099228
0.15	-0.5242234769455881	-6.498577388446336
0.15100000000000002	-0.5306271743690216	-6.308332515988224
0.152	-0.5368401419775647	-6.11714871545782
0.153	-0.5428614717999373	-5.925087881897772
0.154	-0.5486903177413602	-5.73221186410161
0.155	-0.5543258955281406	-5.538582446335316
0.156	-0.5597674826340309	-5.344261330169742
0.157	-0.5650144181884801	-5.149310116429828
0.15799999999999997	-0.5700661028668905	-4.953790287262283
0.159	-0.5749219987630046	-4.7577631883288225
0.16	-0.5795816292435481	-4.561290011129038
0.161	-0.5840445787852627	-4.364431775458311
0.162	-0.5883104927944648	-4.167249312002907
0.163	-0.5923790774092687	-3.9698032450797283
0.164	-0.5962500992846242	-3.7721539755241063
0.16499999999999998	-0.5999233853603169	-3.5743616637292086
0.166	-0.6033988226120827	-3.376486212841978
0.167	-0.6066763577860008	-3.1785872521199465
0.168	-0.6097559971163226	-2.9807241204531376
0.169	-0.6126378060269071	-2.7829558500553353
0.16999999999999998	-0.6153219088164332	-2.5853411503279355
0.171	-0.6178084883275631	-2.3879383919010455
0.172	-0.6200977856002354	-2.190805590855105
0.17300000000000001	-0.6221900995092732	-1.9940003931285255
0.174	-0.6240857863864925	-1.7975800591136237
0.175	-0.6257852596275004	-1.60160144844268
0.17600000000000002	-0.6272889892833778	-1.4061210049724493
0.177	-0.6285975016374453	-1.2111947419669589
0.17800000000000002	-0.6297113787673118	-1.0168782274826427
0.179	-0.6306312580924106	-0.8232265699600894
0.18	-0.6313578319072319	-0.6302944040252334
0.181	-0.6318918469004612	-0.43813587650287644
0.182	-0.6322341036602377	-0.246804632645925
0.183	-0.6323854561657531	-0.05635380258411926
0.184	-0.6323468112654059	0.13316401200696992
0.18500000000000003	-0.6321191281417393	0.32169675101034745
0.186	-0.6317034177633852	0.5091929087466807
0.187	-0.631100742324246	0.6956015466212939
0.188	-0.6303122146701428	0.8808723055399037
0.189	-0.6293389977131661	1.0649554180883758
0.19	-0.628182303833966	1.2478017204740621
0.191	-0.626843394272218	1.4293626642282176
0.19199999999999998	-0.6253235785055096	1.6095903276651113
0.193	-0.6236242136168878	1.7884374270965009
0.194	-0.6217467036513166	1.965857327799414
0.195	-0.619692498961289	2.1418040547349637
0.196	-0.6174630955418466	2.316232303016086
0.19699999999999998	-0.6150600343552568	2.489097448122868
0.198	-0.6124849006456009	2.6603555558630254
0.19899999999999998	-0.6097393232435309	2.8299633920763623
0.2	-0.6068249738614483	2.9978784320815466
0.20099999999999998	-0.6037435663793678	3.1640588698627625
0.202	-0.6004968561217229	3.328463626995626
0.203	-0.5970866391253766	3.4910523613118083
0.204	-0.5935147513990991	3.651785475299152
0.20500000000000002	-0.5897830681747782	3.8106241242364947
0.206	-0.5858935031506263	3.9675302240643195
0.20700000000000002	-0.5818480077266497	4.122466458988116
0.208	-0.57764857023265	4.275396288812461
0.209	-0.5732972151490248	4.426283956007581
0.21	-0.5687960023206349	4.575094492506704
0.211	-0.5641470261640114	4.721793726232493
0.21200000000000002	-0.5593524148681699	4.866348287353328
0.213	-0.5544143295893047	5.008725614267906
0.214	-0.5493349636396341	5.148893959318279
0.215	-0.5441165416706681	5.28682239423095
0.216	-0.5387613188511722	5.422480815285457
0.217	-0.5332715800400972	5.555839948210461
0.218	-0.5276496389547513	5.68687135280721
0.219	-0.5218978373344828	5.815547427300283
0.22	-0.5160185441001508	5.941841412415993
0.221	-0.5100141545096508	6.065727395188458
0.222	-0.5038870893097738	6.187180312492352
0.223	-0.4976397938846661	6.306175954304605
0.224	-0.49127473740116445	6.422690966695094
0.225	-0.4847944119512759	6.536702854544857
0.22599999999999998	-0.4782013316920747	6.648189983995079
0.227	-0.47149803198328577	6.757131584624792
0.228	-0.46468706852282515	6.863507751360631
0.229	-0.4577710164805645	6.967299446117458
0.23	-0.45075246963059024	7.068488499170966
0.23099999999999998	-0.4436340394822225	7.167057610264371
0.232	-0.4364183544100615	7.262990349448883
0.23299999999999998	-0.4291080587833248	7.3562711576600215
0.234	-0.42170581209474145	7.446885347030002
0.235	-0.4142142880892648	7.534819100937673
0.236	-0.4066361738928661	7.620059473798096
0.23700000000000002	-0.39897416914166867	7.702594390592204
0.238	-0.3912309851116817	7.782412646138409
0.23900000000000002	-0.38340934384939185	7.859503904106973
0.24	-0.3755119773034678	7.9338586957800885
0.24100000000000002	-0.3675416264578317	8.005468418558342
0.242	-0.3595010404663512	8.074325334214954
0.243	-0.3513929757894018	8.140422566900506
0.244	-0.34322019533255016	8.20375410089927
0.245	-0.3349854675876033	8.264314778139658
0.24600000000000002	-0.32669156577627084	8.322100295460238
0.247	-0.31834126699668275	8.37710720163351
0.248	-0.3099373513730038	8.429332894149487
0.249	-0.30148260120838377	8.47877561576188
0.25	-0.29297980014148006	8.525434450797926
0.251	-0.284431732306788	8.569309321235007
0.252	-0.27584118149901005	8.610400982546395
0.253	-0.2672109303416952	8.648711019317828
0.25399999999999995	-0.25854375946037433	8.684241840638304
0.255	-0.24984244666041858	8.716996675266639
0.256	-0.2411097661098411	8.746979566577496
0.257	-0.2323484875272636	8.774195367288378
0.258	-0.22356137537526438	8.798649733970556
0.259	-0.2147511880593225	8.820349121347395
0.26	-0.2059206771325696	8.839300776381828
0.26099999999999995	-0.19707258650655887	8.855512732156303
0.262	-0.18820965166825698	8.868993801548264
0.263	-0.17933459890346234	8.879753570703391
0.26399999999999996	-0.1704501445268502	8.887802392310407
0.265	-0.16155899411884153	8.893151378679784
0.266	-0.15266384176949066	8.89581239462972
0.267	-0.1437673693295821	8.895798050182563
0.26799999999999996	-0.13487224566912553	8.89312169307424
0.269	-0.1259811259434336	8.88779740108072
0.27	-0.1170966508669641	8.879839974164152
0.27099999999999996	-0.1082214459951053	8.869264926441952
0.272	-0.09935812101408019	8.856088477982263
0.273	-0.09050926903914079	8.840327546429203
0.274	-0.08167746592122178	8.82199973846104
0.27499999999999997	-0.07286526956221871	8.801123341084695
0.276	-0.06407521923905239	8.777717312770255
0.277	-0.0553098349366782	8.751801274428615
0.27799999999999997	-0.04657161669019516	8.723395500235986
0.27899999999999997	-0.03786304393620622	8.6925209083086
0.28	-0.029186574873577953	8.659199051231228
0.28099999999999997	-0.020544645833743765	8.623452106443139
0.282	-0.011939670660691676	8.58530286648498
0.28300000000000003	-0.0033740401007737995	8.544774729110218
0.28400000000000003	0.005149878797528759	8.501891687264768
0.285	0.013629743273755738	8.456678318938568
0.286	0.022063235435405896	8.409159776892615
0.28700000000000003	0.030448062827540968	8.35936177826528
0.288	0.038781958991936455	8.307310594061539
0.289	0.04706268401566405	8.253033038528919
0.29000000000000004	0.055288025068994294	8.19655645842384
0.29100000000000004	0.06345579693251173	8.13790872217213
0.292	0.07156384251333855	8.077118208927509
0.293	0.07961003335036675	8.014213797531811
0.29400000000000004	0.08759227010840218	7.949224855380716
0.295	0.09550848306112818	7.882181227198845
0.296	0.10335663256279988	7.813113223727957
0.297	0.11113470950858408	7.7420516103320765
0.298	0.11884073578346403	7.669027595523632
0.299	0.12647276469963134	7.594072819413842
0.3	0.13402888142229175	7.517219342091832
0.30100000000000005	0.141507203383815	7.438499631935866
0.302	0.1489058806861635	7.357946553860919
0.303	0.15622309649153682	7.275593357505813
0.304	0.16345706740117513	7.191473665364725
0.305	0.17060604382226627	7.105621460865644
0.306	0.17766831032290645	7.018071076400747
0.307	0.1846421859750678	6.928857181311796
0.30800000000000005	0.19152602468553	6.83801476983481
0.309	0.1983182155147374	6.745579149007696
0.31	0.20501718298354543	6.651585926544135
0.311	0.21162138736782568	6.556070998678373
0.312	0.21812932498090215	6.459070537984377
0.313	0.22453952844379446	6.360620981172821
0.314	0.2308505669432478	6.260759016869663
0.31499999999999995	0.2370610464775338	6.159521573380927
0.316	0.24316961009000967	6.056945806446265
0.317	0.2491749380904263	5.953069086985576
0.318	0.2550757482639808	5.84792898884276
0.319	0.2608707960681118	5.741563276529527
0.32	0.2665588748170399	5.634009892973079
0.321	0.27213881585405797	5.525306947271797
0.32199999999999995	0.2776094887115835	5.415492702462609
0.323	0.2829698012589832	5.304605563302644
0.324	0.2882186998381888	5.192684064069752
0.325	0.2933551693871227	5.0797668563848655
0.326	0.2983782335509586	4.965892697060631
0.327	0.30328695478124396	4.851100435978223
0.328	0.30808043442291505	4.735429003997677
0.32899999999999996	0.3127578127892393	4.618917400903616
0.33	0.3173182692247223	4.501604683390781
0.331	0.32176102215602087	4.3835299530924905
0.33199999999999996	0.3260853291309073	4.264732344655187
0.333	0.33029048684533124	4.145251013862483
0.334	0.3343758311586323	4.025125125812684
0.335	0.3383407370969566	3.904393843151943
0.33599999999999997	0.34218461884493623	3.7830963143669627
0.337	0.34590692972569054	3.661271662140114
0.338	0.34950716216921646	3.5389589717711165
0.33899999999999997	0.35298484766923277	3.4161972796667994
0.33999999999999997	0.3563395567285501	3.2930255619033066
0.341	0.3595708987930394	3.169482722863187
0.342	0.36267852217427654	3.0456075839511154
0.34299999999999997	0.3656621139609416	2.9214388723899365
0.34400000000000003	0.3685213999190564	2.7970152101016996
0.34500000000000003	0.371256144381145	2.672375102674762
0.346	0.37386615012440594	2.547556928421207
0.347	0.37635125823798743	2.422598927527025
0.34800000000000003	0.37871134797946004	2.2975391912974374
0.349	0.3809463366205823	2.172415651500448
0.35	0.38305617928246094	2.0472660698117595
0.35100000000000003	0.3850408687602058	1.9221280273624686
0.35200000000000004	0.3869004353371859	1.7970389143935062
0.353	0.3886349465889929	1.6720359200186052
0.354	0.3902445071772231	1.5471560220983727
0.35500000000000004	0.39172925863318964	1.42243597722852
0.356	0.39308937913168013	1.2979123108436408
0.357	0.3943250832548769	1.1736213074399482
0.358	0.39543662174655997	1.0495990009187772
0.35900000000000004	0.3964242812567145	0.9258811650533494
0.36	0.3972883840766666	0.8025033040804097
0.361	0.3980292878648753	0.6795006434204276
0.36200000000000004	0.3986473853635075	0.556908120526417
0.363	0.3991431041059282	0.43476037586512306
0.364	0.3995169061152378	0.31309174403229556
0.365	0.3997692875939928	0.19193624500338236
0.366	0.3999007786052446	0.07132757552222313
0.367	0.3999119427450372	-0.0487008993706739
0.368	0.3998033768065033	-0.1681161546682186
0.36900000000000005	0.3995757104357008	-0.2868855135839121
0.37	0.3992296057793355	-0.40497665559321994
0.371	0.3987657571245144	-0.522357624328923
0.372	0.3981848905306777	-0.638996835328004
0.373	0.39748776345385833	-0.7548630836283488
0.374	0.39667516436342104	-0.8699255512137349
0.375	0.3957479123514309	-0.9841538143070538
0.37599999999999995	0.39470685673480693	-1.097517850507962
0.377	0.39355287665041494	-1.2099880457751289
0.378	0.3922868806432567	-1.3215352012515835
0.379	0.39090980624791183	-1.432130539932186
0.38	0.3894226195633923	-1.5417457131711165
0.381	0.3878263148215696	-1.6503528070283824
0.382	0.3861219139493355	-1.7579243484553697
0.38299999999999995	0.3843104661246589	-1.8644333113169709
0.384	0.38239304732670154	-1.9698531222507587
0.385	0.3803707598801574	-2.0741576663602377
0.386	0.37824473199398106	-2.1773212927435615
0.387	0.37601611729467027	-2.2793188198553525
0.388	0.37368609435427036	-2.3801255407012722
0.389	0.3712558662132677	-2.4797172278649415
0.38999999999999996	0.3687266598985405	-2.5780701383661118
0.391	0.36609972593653556	-2.6751610183495256
0.392	0.3633763378618414	-2.7709671076044105
0.39299999999999996	0.36055779172132674	-2.8654661439131144
0.394	0.35764540557401514	-2.9586363672295946
0.395	0.3546405189868676	-3.0504565236863512
0.396	0.35154449252664244	-3.1409058694305823
0.39699999999999996	0.34835870724800644	-3.229964174287475
0.398	0.34508456417806754	-3.3176117252524393
0.399	0.34172348379750156	-3.4038293298110642
0.39999999999999997	0.33827690551844547	-3.488598319086128
0.40099999999999997	0.33474628715932936	-3.571900550812995
0.402	0.3311331044168195	-3.6537184121420427
0.403	0.3274388503350453	-3.734034822268778
0.40399999999999997	0.323665034772282	-3.812833234891899
0.405	0.3198131838652615	-3.890097640499024
0.406	0.31588483949128393	-3.965812568480054
0.407	0.31188155872830137	-4.03996308906912
0.408	0.3078049133131457	-4.1125348151148655
0.40900000000000003	0.30365648909807164	-4.18351390367952
0.41	0.29943788550578665	-4.252887057467208
0.411	0.2951507149831372	-4.32064152608172
0.41200000000000003	0.29079660245362315	-4.386765107114276
0.41300000000000003	0.2863771847689087	-4.4512461470621325
0.414	0.28189411015949883	-4.514073542078611
0.415	0.2773490376847515	-4.575236738553673
0.41600000000000004	0.2727436366823915	-4.634725733528522
0.417	0.26807958621769445	-4.692531074942302
0.418	0.26335857453250694	-4.748643861713142
0.419	0.2585822984942681	-4.803055743653833
0.42000000000000004	0.2537524630451992	-4.855758921222628
0.421	0.24887078065182286	-4.906746145111343
0.422	0.24393897075497653	-4.956010715670395
0.42300000000000004	0.23895875922048207	-5.003546482172105
0.424	0.23393187779063232	-5.049347841913549
0.425	0.22886006353665497	-5.0934097391599344
0.426	0.22374505831231248	-5.135727663929501
0.427	0.218588608208796	-5.1762976506212475
0.428	0.21339246301106998	-5.215116276486451
0.429	0.20815837565582312	-5.252180659945371
0.43000000000000005	0.20288810169117924	-5.287488458750683
0.431	0.19758339873832176	-5.321037867998229
0.432	0.19224602595518278	-5.352827617987277
0.433	0.1868777435023472	-5.382856971931096
0.434	0.18148031201132062	-5.411125723519483
0.435	0.17605549205530824	-5.437634194334836
0.436	0.17060504362265094	-5.462383231122886
0.437	0.16513072559306247	-5.485374202920126
0.438	0.15963429521681072	-5.506608998039189
0.439	0.1541175075969841	-5.526090020913893
0.44	0.14858211517498293	-5.543820188805379
0.441	0.14302986721937333	-5.559802928371562
0.442	0.13746250931823983	-5.574042172100987
0.443	0.13188178287517133	-5.586542354613227
0.44399999999999995	0.12628942460901338	-5.597308408827238
0.445	0.12068716605751685	-5.606345762000163
0.446	0.11507673308501305	-5.613660331637446
0.447	0.10945984539424197	-5.619258521277024
0.448	0.103838216042459	-5.623147216148955
0.449	0.09821355096194408	-5.625333778712445
0.45	0.0925875484850341	-5.625826044072552
0.45099999999999996	0.08696189887379897	-5.624632315277996
0.452	0.08133828385447811	-5.621761358502772
0.453	0.07571837615679343	-5.617222398112922
0.454	0.07010383905825227	-5.61102511162085
0.455	0.06449632593355173	-5.603179624529251
0.456	0.05889747980919376	-5.593696505066678
0.457	0.05330893292341839	-5.582586758816847
0.45799999999999996	0.04773230629156008	-5.56986182324393
0.459	0.042169209276930526	-5.5555335621158
0.46	0.03662123916732848	-5.539614259827576
0.46099999999999997	0.03108998075727538	-5.522116615627619
0.46199999999999997	0.02557700593607324	-5.503053737748181
0.463	0.02008387328177902	-5.482439137442879
0.464	0.014612127661187486	-5.460286722933377
0.46499999999999997	0.009163299835912265	-5.43661079326744
0.466	0.0037389060746526037	-5.411426032090633
0.467	-0.001659552228269001	-5.38474750133403
0.46799999999999997	-0.007030588928015457	-5.356590634820204
0.469	-0.012372733497909408	-5.326971231789792
0.47000000000000003	-0.01768453139159504	-5.2959054503510155
0.47100000000000003	-0.02296454439861144	-5.263409800854469
0.472	-0.02821135099330398	-5.2295011391955555
0.47300000000000003	-0.03342354667700255	-5.194196660046899
0.47400000000000003	-0.03859974431339778	-5.157513890023162
0.475	-0.04373857445704887	-5.119470680780589
0.476	-0.048838685674958957	-5.080085202053701
0.47700000000000004	-0.05389874486115628	-5.039375934631566
0.478	-0.05891743754422209	-4.997361663275985
0.479	-0.06389346818770823	-4.954061469584027
0.48	-0.06882556048339014	-4.909494724797403
0.48100000000000004	-0.07371245763730304	-4.863681082560897
0.482	-0.07855292264851194	-4.816640471632542
0.483	-0.08334573858056814	-4.7683930885477555
0.48400000000000004	-0.08808970882560745	-4.71895939023987
0.485	-0.09278365736104789	-4.668360086619749
0.486	-0.09742642899884696	-4.616616133116459
0.487	-0.10201688962728081	-4.5637487231818055
0.488	-0.10655392644521057	-4.509779280761079
0.489	-0.11103644818880298	-4.454729452732265
0.49	-0.1154633853506751	-4.398621101316231
0.49100000000000005	-0.11983369039143545	-4.341476296460478
0.492	-0.12414633794359606	-4.28331730819858
0.493	-0.12840032500783263	-4.22416659898793
0.494	-0.13259467114157192	-4.1640468160279855
0.495	-0.13672841863988863	-4.102980783561833
0.496	-0.14080063270869558	-4.040991495162752
0.497	-0.14481040163021414	-3.9781021060090045
0.498	-0.14875683692071362	-3.9143359251485044
0.499	-0.15263907348051114	-3.849716407756054
0.5	-0.15645626973622573	-3.784267147385681
0.501	-0.16020760777528248	-3.7180118682199197
0.502	-0.16389229347266557	-3.650974417318889
0.503	-0.16750955660992026	-3.5831787568710443
0.504	-0.17105865098640768	-3.514648956448346
0.505	-0.17453885452281695	-3.4454091852676587
0.506	-0.177949469356943	-3.375483704461349
0.5069999999999999	-0.18128982193173962	-3.304896859358475
0.508	-0.18455926307565998	-3.2336730717795747
0.509	-0.18775716807529877	-3.161836832346637
0.51	-0.19088293674035325	-3.089412692811419
0.511	-0.1939359934609216	-3.0164252584032045
0.512	-0.19691578725715966	-2.9428991801989657
0.513	-0.1998217918213195	-2.8688591475178744
0.514	-0.2026535055521954	-2.794329880342228
0.515	-0.20541045158200397	-2.7193361217668355
0.516	-0.20809217779572908	-2.643902630479575
0.517	-0.21069825684296314	-2.568054173274423
0.518	-0.2132282861422779	-2.491815517599416
0.519	-0.21568188787816198	-2.4152114241420137
0.52	-0.21805870899056193	-2.3382666394527325
0.5209999999999999	-0.2203584211570674	-2.261005888610404
0.522	-0.22258072076778276	-2.183453867930368
0.523	-0.22472532889292815	-2.10563523771716
0.5239999999999999	-0.22679199124321708	-2.027574615064809
0.525	-0.2287804781230578	-1.949296566705505
0.526	-0.23069058437662812	-1.8708256019090568
0.527	-0.2325221293268759	-1.7921861654351805
0.528	-0.23427495670749848	-1.7134026305401089
0.529	-0.23594893458795613	-1.6344992920393624
0.53	-0.2375439552915772	-1.5555003594287797
0.531	-0.2390599353068137	-1.4764299500653055
0.5319999999999999	-0.24049681519170782	-1.3973120824093548
0.533	-0.24185455947163242	-1.3181706693305428
0.534	-0.2431331565303689	-1.2390295114782373
0.5349999999999999	-0.2443326184945889	-1.1599122907190034
0.536	-0.2454529811118069	-1.0808425636421453
0.537	-0.24649430362187322	-1.0018437551352066
0.5379999999999999	-0.24745666862207735	-0.9229391520307467
0.539	-0.24834018192593474	-0.8441518968264339
0.54	-0.24914497241573022	-0.7655049814794396
0.5409999999999999	-0.24987119188889362	-0.6870212412768556
0.542	-0.25051901489828393	-0.6087233487836186
0.543	-0.25108863858646085	-0.530633807869274
0.5439999999999999	-0.2515802825140225	-0.4527749478149823
0.545	-0.2519941884820908	-0.3751689175023054
0.5459999999999999	-0.2523306203490271	-0.2978376796847204
0.547	-0.25258986384146026	-0.22080300534360608
0.548	-0.2527722263597143	-0.1440864681297449
0.5489999999999999	-0.25287803677771975	-0.06770943889158887
0.55	-0.25290764523749754	0.008306919708545024
0.551	-0.25286142293830266	0.08394165848940593
0.5519999999999999	-0.2527397619205187	0.1591740469546188
0.553	-0.2525430748443934	0.23398357840592743
0.554	-0.25227179476370687	0.30834997496367866
0.5549999999999999	-0.2519263748944661	0.3822531924936867
0.556	-0.2515072883787195	0.4556734254398398
0.5569999999999999	-0.25101502804358644	0.5285911115607
0.5579999999999999	-0.2504501061555981	0.6009869365702358
0.559	-0.24981305417044597	0.6728418386809792
0.5599999999999999	-0.24910442247823614	0.7441370130489289
0.5609999999999999	-0.24832478014434814	0.8148539161193513
0.562	-0.24747471464599743	0.8849742698729263
0.563	-0.2465548316046023	0.9544800659709168
0.5640000000000001	-0.24556575451405557	1.0233535697993235
0.5650000000000001	-0.24450812446500364	1.0915773244106335
0.566	-0.24338259986523433	1.159134154363181
0.5670000000000001	-0.2421898561562773	1.2260071694568246
0.568	-0.2409305855263207	1.2921797683646263
0.569	-0.23960549661954805	1.3576356421601958
0.5700000000000001	-0.23821531424200032	1.4223587777396767
0.571	-0.23676077906406873	1.4863334611383698
0.572	-0.23524264731972358	1.5495442807412634
0.5730000000000001	-0.2336616905025862	1.6119761303867997
0.574	-0.23201869505894998	1.67361421236413
0.575	-0.23031446207785794	1.734444040302957
0.5760000000000001	-0.22854980697834407	1.7944514419557382
0.577	-0.22672555919394644	1.8536225618720341
0.578	-0.2248425618546	1.9119438639647046
0.5790000000000001	-0.22290167146601703	1.969402133967929
0.58	-0.22090375758666417	2.025984481786383
0.5810000000000001	-0.21884970250244426	2.081678343735932
0.582	-0.2167404008991923	2.1364714846751482
0.583	-0.21457675953309396	2.190352000028248
0.5840000000000001	-0.21235969689913578	2.2433083176987973
0.585	-0.2100901428976964	2.295329199874352
0.586	-0.20776903849938708	2.3464037447224193
0.5870000000000001	-0.20539733540825156	2.396521387976816
0.588	-0.20297599572343344	2.4456719044155943
0.589	-0.20050599159942037	2.4938454092299085
0.5900000000000001	-0.19798830490497366	2.541032359284226
0.591	-0.19542392688085194	2.5872235542681725
0.592	-0.19281385779643728	2.6324101377397935
0.593	-0.19015910660537233	2.676583598060611
0.594	-0.18746069060031606	2.7197357692232553
0.595	-0.18471963506692585	2.761858831571304
0.596	-0.18193697293717345	2.8029453124119446
0.597	-0.17911374444210193	2.8429880865215447
0.5980000000000001	-0.17625099676413034	2.881980376544857
0.599	-0.17334978368901222	2.9199157532882603
0.6	-0.17041116525755381	2.9567881359072596
0.6010000000000001	-0.16743620741719772	2.9925917919886995
0.602	-0.16442598167357642	3.0273213375285186
0.603	-0.1613815647421407	3.060971736805043
0.6040000000000001	-0.1583040381999663	3.093538302149007
0.605	-0.15519448813784267	3.1250166936102746
0.606	-0.15205400481274575	3.1554029185225234
0.607	-0.14888368230079763	3.1846933309658403
0.608	-0.14568461815081407	3.212884631128357
0.609	-0.1424579130385409	3.2399738645675358
0.61	-0.13920467042167897	3.265958421371756
0.611	-0.1359259961957974	3.2908360352228856
0.612	-0.1326229983512332	3.3146047823609663
0.613	-0.1292967866310755	3.337263080451236
0.614	-0.12594847219033073	3.358809687354927
0.6150000000000001	-0.12257916725636567	3.3792436998040034
0.616	-0.11918998479072272	3.398564551981592
0.617	-0.1157820381524025	3.416772014008064
0.618	-0.1123564407627066	3.433866190334471
0.619	-0.10891430577173355	3.449847518043683
0.62	-0.10545674572661923	3.464716765060667
0.621	-0.10198487224161223	3.4784750282725456
0.622	-0.09849979567007415	3.4911237315596932
0.623	-0.09500262477849285	3.5026646237387298
0.624	-0.09149446642259669	3.5130997764184975
0.625	-0.08797642522565587	3.5224315817702565
0.626	-0.08444960325905618	3.5306627502130135
0.627	-0.08091509972522984	3.5377963080150816
0.628	-0.07737401064302601	3.5438355948132423
0.6289999999999999	-0.07382742853560335	3.548784261050375
0.63	-0.07027644212092526	3.552646265332901
0.631	-0.06672213600493755	3.555425871709178
0.632	-0.06316559037750691	3.557127646870089
0.633	-0.059607880711197374	3.557756457273027
0.634	-0.056050077462960854	3.557317466190486
0.635	-0.0524932457788164	3.5558161306845637
0.636	-0.048938445201591727	3.5532581985086438
0.637	-0.045386729381799114	3.549649704937541
0.638	-0.041839145791716645	3.544996969527408
0.639	-0.0382967354427443	3.539306592806737
0.64	-0.03476053260610317	3.5325854528997933
0.641	-0.03123156453694471	3.5248407020837935
0.642	-0.027710851201935584	3.516079763281214
0.6429999999999999	-0.024199405010382282	3.506310326488635
0.644	-0.020698230548958314	3.495540345143452
0.645	-0.017208324320095378	3.483778032429876
0.6459999999999999	-0.013730674484098558	3.4710318575256203
0.647	-0.010266260605044137	3.457310541790701
0.648	-0.006816053400517157	3.442623054899809
0.649	-0.0033810144952445198	3.426978610919624
0.65	3.7903821322091195e-5	3.4103866643325813
0.651	0.0034397588334206426	3.3928569060085176
0.652	0.006823617633339127	3.3743992591256697
0.653	0.010188557351671982	3.3550238750424977
0.6539999999999999	0.013533665383424123	3.3347411291218205
0.655	0.016858039609915623	3.3135616165087414
0.656	0.020160788616441605	3.2914961478638562
0.6569999999999999	0.02344103190564334	3.2685557450532543
0.658	0.026697900106548114	3.2447516367967997
0.659	0.02993053517923694	3.2200952542762487
0.6599999999999999	0.03313809061510061	3.194598226704648
0.661	0.03631973163264624	3.1682723768585928
0.662	0.039474635368817804	3.141129716574806
0.6629999999999999	0.04260199106579586	3.113182442212654
0.664	0.04570100025324311	3.0844429300840512
0.665	0.048770876925963956	3.054923731852323
0.666	0.051810847716947765	3.024637569901518
0.667	0.054820152065767	2.993597332677674
0.6679999999999999	0.057798042382303114	2.9618160700037586
0.669	0.06074378420577452	2.929306988369615
0.67	0.06365665635904234	2.8960834461984746
0.6709999999999999	0.06653595109817147	2.8621589490916697
0.672	0.06938097425722568	2.827547145053004
0.673	0.07219104538827747	2.7922618196943167
0.6739999999999999	0.07496549789661432	2.7563168914237837
0.675	0.07770367917112504	2.7197264066185083
0.676	0.08040495070985133	2.6825045347828658
0.6769999999999999	0.08306868824069077	2.6446655636940957
0.678	0.08569428183723952	2.606223894536824
0.6789999999999999	0.08828113602976442	2.5671940370278685
0.6799999999999999	0.09082866991129528	2.527590604532823
0.681	0.09333631723883007	2.487428309176018
0.6819999999999999	0.0958035265296473	2.4467219569454244
0.683	0.09822976115272092	2.4054864427937304
0.684	0.10061449941523476	2.363736745737213
0.6849999999999999	0.10295723464419534	2.321487923954063
0.686	0.10525747526314287	2.278755109883346
0.687	0.10751474486396204	2.235553505326254
0.688	0.10972858227379538	2.191898376550906
0.6890000000000001	0.11189854161706386	2.1478050494024155
0.69	0.11402419237260021	2.103288904419409
0.691	0.11610511942590268	2.0583653719586925
0.6920000000000001	0.1181409231165176	2.013049927329126
0.693	0.12013121928056095	1.967358085936427
0.694	0.12207563928839045	1.9213053984401471
0.6950000000000001	0.12397383007744124	1.8749074459243689
0.696	0.1258254541802392	1.8281798350831893
0.697	0.12763018974760762	1.7811381934227515
0.6980000000000001	0.12938773056708472	1.7337981644808402
0.699	0.13109778607656933	1.686175403065454
0.7000000000000001	0.13276008137321563	1.638285570514042
0.7010000000000001	0.1343743572175974	1.5901443299742162
0.702	0.13594037003316406	1.5417673417074118
0.7030000000000001	0.13745789190101224	1.4931702584169981
0.704	0.13892671054999808	1.4443687206018296
0.705	0.14034662934221587	1.3953783519366074
0.7060000000000001	0.14171746725387127	1.346214754680608
0.707	0.14303905885157708	1.2968935051152901
0.708	0.14431125426410188	1.2474301490126571
0.7090000000000001	0.1455339191496024	1.1978401971352441
0.71	0.1467069346583724	1.1481391207693175
0.711	0.147830197391141	1.0983423472916976
0.7120000000000001	0.1489036193529558	1.0484652557724294
0.713	0.1499271279026859	0.9985231726131749
0.714	0.15090066569818214	0.9485313672234624
0.715	0.15182419063713282	0.8985050477357814
0.716	0.1526976757936537	0.8484593567599508
0.7170000000000001	0.15352110935065272	0.7984093671784681
0.718	0.15429449452801064	0.7483700779837565
0.719	0.15501784950662023	0.698356410158224
0.7200000000000001	0.15569120734832712	0.6483832025981628
0.721	0.15631461591181658	0.5984652080824743
0.722	0.15688813776449204	0.5486170892875647
0.7230000000000001	0.15741185009039174	0.4988534148490237
0.724	0.15788584459419008	0.4491886554705282
0.725	0.1583102274013328	0.3996371800823184
0.7260000000000001	0.15868511895435472	0.3502132520486617
0.727	0.15901065390543012	0.3009310254260128
0.728	0.15928698100520672	0.2518045412726322
0.729	0.15951426298797539	0.2028477240104548
0.73	0.15969267645322766	0.15407437783969413
0.731	0.1598224117436548	0.10549818320758353
0.732	0.15990367281964285	0.0571326933317684
0.733	0.15993667713031834	0.008991330779001272
0.7340000000000001	0.15992165548120085	-0.03891261589991646
0.735	0.1598588518985185	-0.0865659954784187
0.736	0.15974852349024404	-0.1339557973047273
0.7370000000000001	0.15959094030390905	-0.18106915449432603
0.738	0.15938638518125542	-0.2278933470631489
0.739	0.15913515360978278	-0.27441580500159324
0.74	0.15883755357125223	-0.32062411128801205
0.741	0.15849390538720676	-0.3665060048414631
0.742	0.1581045415615693	-0.41204938341316
0.743	0.15766980662038044	-0.45724230641588925
0.744	0.15719005694873753	-0.5020729976910054
0.745	0.15666566062499843	-0.5465298482123238
0.746	0.15609699725231288	-0.5906014187265773
0.747	0.15548445778754527	-0.6342764423299257
0.748	0.154828444367653	-0.6775438269799733
0.749	0.15412937013358533	-0.7203926579428394
0.75	0.15338765905176732	-0.7628122001753085
0.751	0.1526037457332347	-0.8047919006409915
0.752	0.15177807525048537	-0.8463213905605116
0.753	0.15091110295211368	-0.8873904875954935
0.754	0.15000329427529438	-0.9279891979656757
0.755	0.14905512455618233	-0.9681077184992282
0.756	0.14806707883829592	-1.0077364386156111
0.757	0.14703965167895114	-1.0468659422410291
0.758	0.14597334695381384	-1.0854870096562441
0.759	0.14486867765963865	-1.1235906192759575
0.76	0.14372616571526192	-1.1611679493606086
0.761	0.14254634176091743	-1.1982103796594756
0.762	0.14132974495594297	-1.234709492985389
0.763	0.14007692277494668	-1.2706570767207215
0.764	0.13878843080250153	-1.3060451242548758
0.7649999999999999	0.13746483252643696	-1.3408658363526504
0.766	0.13610669912979623	-1.3751116224540587
0.767	0.13471460928152884	-1.4087751019048604
0.7679999999999999	0.1332891489259865	-1.4418491051184368
0.769	0.13183091107129197	-1.474326674668555
0.77	0.1303404955766494	-1.5062010663132868
0.771	0.1288185089386654	-1.5374657499499234
0.772	0.12726556407674955	-1.5681144105011007
0.773	0.12568228011766322	-1.5981409487321463
0.774	0.12406928217928526	-1.6275394819998679
0.775	0.12242720115366348	-1.6563043449324826
0.7759999999999999	0.1207566734894203	-1.6844300900414888
0.777	0.1190583409735805	-1.711911488265161
0.778	0.11733285051289	-1.73874352944383
0.7789999999999999	0.11558085391469285	-1.764921422727536
0.78	0.11380300766743492	-1.7904405969157433
0.781	0.11199997272086136	-1.8152967007298708
0.7819999999999999	0.11017241426597518	-1.839485603018519
0.783	0.10832100151482432	-1.8630033928958358
0.784	0.10644640748018352	-1.8858463798132885
0.7849999999999999	0.10454930875519775	-1.9080110935651429
0.786	0.10263038529305324	-1.9294942842278882
0.787	0.10069032018674197	-1.9502929220341982
0.788	0.09872979944898483	-1.97040419718153
0.789	0.09674951179237891	-1.9898255195758343
0.7899999999999999	0.09475014840983316	-2.008554518510945
0.791	0.09273240275535703	-2.0265890422837205
0.792	0.09069697032526573	-2.04392715774572
0.7929999999999999	0.08864454843986559	-2.0605671497916367
0.794	0.08657583602568246	-2.0765075207850243
0.795	0.08449153339829554	-2.0917469899218513
0.7959999999999999	0.08239234204583877	-2.1062844925323136
0.797	0.08027896441323092	-2.1201191793215335
0.798	0.0781521036871957	-2.1332504155494174
0.7989999999999999	0.07601246358213208	-2.1456777801505678
0.8	0.07386074812689457	-2.157401064794562
0.8009999999999999	0.07169766145254296	-2.1684202728872726
0.8019999999999999	0.06952390758112002	-2.1787356185138247
0.803	0.06734019021551531	-2.1883475253237292
0.8039999999999999	0.06514721253047258	-2.1972566253588983
0.805	0.06294567696479751	-2.2054637578252274
0.806	0.060736285014822124	-2.2129699678080894
0.8069999999999999	0.05851973702918133	-2.2197765049328315
0.808	0.05629673200495647	-2.2258848219706766
0.809	0.05406796738523999	-2.231296573390787
0.8099999999999999	0.051834138858174894	-2.2360136138591704
0.811	0.049595940157521654	-2.2400379966851585
0.8119999999999999	0.04735406286480458	-2.243371972216253
0.813	0.04510919621308915	-2.2460179861819376
0.8140000000000001	0.0428620268924407	-2.2479786779873376
0.815	0.04061323885711448	-2.2492568789573943
0.816	0.03836351313452592	-2.2498556105324115
0.8170000000000001	0.03611352763604965	-2.2497780824156375
0.818	0.033863956969694645	-2.2490276906737723
0.819	0.03161547225470211	-2.2476080157912603
0.8200000000000001	0.029368740938112124	-2.245522820679009
0.821	0.027124426613344094	-2.242776048638434
0.8220000000000001	0.02488318884083526	-2.239371821281755
0.8230000000000001	0.022645682970780585	-2.2353144364092685
0.824	0.020412559968016723	-2.230608365844452
0.8250000000000001	0.018184466239091684	-2.2252582532278335
0.826	0.015962043461561055	-2.219268911770436
0.827	0.013745928415550812	-2.2126453219676567
0.8280000000000001	0.011536752817625746	-2.2053926292745234
0.829	0.009335143157001765	-2.1975161417431734
0.83	0.007141720534139397	-2.1890213276234305
0.8310000000000001	0.004957100501754904	-2.1799138129274365
0.832	0.002781892908284524	-2.1701993789592247
0.833	0.000616701743836455	-2.1598839598101196
0.8340000000000001	-0.0015378750113357149	-2.1489736398209174
0.835	-0.0036812455358053798	-2.137474651011765
0.836	-0.005812824313359245	-2.1253933704806593
0.837	-0.007932032276766698	-2.1127363177715095
0.838	-0.010038296948902264	-2.0995101522126998
0.8390000000000001	-0.012131052581192098	-2.085721670227087
0.84	-0.01420974028935644	-2.071377802614403
0.841	-0.016273808186420904	-2.056485611806982
0.8420000000000001	-0.018322711512970404	-2.0410522890998064
0.843	-0.020355912764620517	-2.025085151855779
0.844	-0.022372881816681962	-2.008591640687226
0.8450000000000001	-0.02437309604599497	-1.9915793166145699
0.846	-0.0263560404499111	-1.9740558582031358
0.847	-0.02832120776240124	-1.9560290586790856
0.8480000000000001	-0.030268098567269273	-1.937506823025379
0.849	-0.032196221408452	-1.9184971650588085
0.85	-0.03410509289738689	-1.8990082044890582
0.851	-0.035994237817430115	-1.8790481639607073
0.852	-0.037863189225308305	-1.8586253660792007
0.853	-0.03971148854958852	-1.83774823042172
0.854	-0.04153868568615175	-1.8164252705339805
0.855	-0.04334433909065648	-1.7946650909138433
0.8560000000000001	-0.045128015867979446	-1.7724763839828128
0.857	-0.046889291858622104	-1.749867927046251
0.858	-0.04862775172207195	-1.7268485792434236
0.8590000000000001	-0.05034298901710895	-1.703427278488219
0.86	-0.052034606279048386	-1.67961303840157
0.861	-0.053702215093912084	-1.6554149452365219
0.862	-0.05534543616952143	-1.6308421547969292
0.863	-0.05696389940350594	-1.6059038893506161
0.864	-0.05855724394822267	-1.580609434538152
0.865	-0.060125118272582254	-1.554968136278003
0.866	-0.06166718022077868	-1.528989397669135
0.867	-0.06318309706792052	-1.5026826758919205
0.868	-0.06467254557256252	-1.476057479108346
0.869	-0.06613521202613722	-1.4491233633623646
0.87	-0.06757079229928725	-1.4218899294814458
0.871	-0.06897899188510011	-1.3943668199801473
0.872	-0.07035952593924756	-1.3665637159666482
0.873	-0.0717121193170334	-1.3384903340531509
0.874	-0.07303650660735386	-1.3101564232711749
0.875	-0.07433243216357575	-1.281571761992381
0.876	-0.07559965013133864	-1.2527461548560437
0.877	-0.07683792447328784	-1.223689429703946
0.878	-0.07804702899074653	-1.1944114345237775
0.879	-0.07922674734233541	-1.164922034401529
0.88	-0.0803768730595496	-1.1352311084840554
0.881	-0.08149720955930352	-1.1053485469526418
0.882	-0.08258757015345489	-1.0752842480083318
0.883	-0.08364777805532018	-1.0450481148698219
0.884	-0.08467766638319452	-1.0146500527848865
0.885	-0.08567707816088996	-0.9840999660561678
0.886	-0.08664586631530685	-0.9534077550818961
0.8869999999999999	-0.08758389367105376	-0.9225833134127309
0.888	-0.08849103294213233	-0.8916365248251845
0.889	-0.08936716672070413	-0.8605772604126649
0.89	-0.09021218746295766	-0.8294153756948364
0.891	-0.09102599747209379	-0.7981607077459582
0.892	-0.09180850887844957	-0.7668230723431521
0.893	-0.0925596436167801	-0.7354122611351668
0.894	-0.0932793334007199	-0.703938038832605
0.895	-0.0939675196944453	-0.6724101404201945
0.896	-0.09462415368156027	-0.640838268391751
0.897	-0.09524919623122882	-0.6092320900088557
0.8979999999999999	-0.09584261786157798	-0.5776012345834677
0.899	-0.09640439870039576	-0.5459552907857573
0.9	-0.0969345284431495	-0.5143038039773229
0.9009999999999999	-0.0974330063083504	-0.4826562735707335
0.902	-0.09789984099029096	-0.4510221504159806
0.903	-0.09833505060918236	-0.41941083421449116
0.9039999999999999	-0.09873866265871996	-0.38783167096139576
0.905	-0.09911071395110516	-0.35629395041648915
0.906	-0.09945125055955294	-0.3248069036048268
0.907	-0.0997603277583148	-0.29337970034724187
0.908	-0.10003800996024742	-0.26202144682153233
0.909	-0.10028437065195785	-0.2307411831547479
0.91	-0.10049949232655692	-0.19954788104745852
0.911	-0.10068346641405275	-0.16845044143015686
0.9119999999999999	-0.10083639320941723	-0.13745769215268988
0.913	-0.10095838179835813	-0.10657838570687223
0.914	-0.10104954998083096	-0.07582119698324591
0.9149999999999999	-0.10111002419232461	-0.04519472106215283
0.916	-0.10113993942295528	-0.014707471039633602
0.917	-0.10113943913440389	0.015632124111271406
0.9179999999999999	-0.10110867517473274	0.04581572164324976
0.919	-0.10104780769111739	0.07583506710125837
0.92	-0.10095700504053023	0.10568199635235115
0.9209999999999999	-0.10083644369841269	0.1353484375783559
0.922	-0.10068630816537354	0.16482641323088687
0.9229999999999999	-0.1005067908719509	0.19410804194856107
0.924	-0.1002980920814764	0.22318554043562755
0.925	-0.10006041979107964	0.25205122530215507
0.9259999999999999	-0.0997939896308721	0.28069751486500816
0.927	-0.09949902476134963	0.30911693090939635
0.928	-0.09917575576905333	0.33730210041064274
0.9289999999999999	-0.09882442056052834	0.3652457572160192
0.93	-0.09844526425462129	0.39294074368602383
0.931	-0.09803853907315631	0.4203800122952184
0.9319999999999999	-0.09760450423003085	0.44755662719198064
0.933	-0.09714342581877235	0.4744637657170189
0.9339999999999999	-0.09665557669859683	0.501094719880607
0.9349999999999999	-0.09614123637901113	0.5274428977980402
0.936	-0.09560069090300076	0.5535018250831109
0.9369999999999999	-0.09503423272884491	0.5792651461996728
0.938	-0.09444216061060141	0.6047266257706574
0.9390000000000001	-0.0938247794773036	0.6298801498448026
0.94	-0.09318240031091181	0.6547197271206118
0.9410000000000001	-0.09251534002306239	0.6792394901275547
0.9420000000000001	-0.09182392133065671	0.7034336963643584
0.943	-0.09110847263033367	0.7272967293941098
0.9440000000000001	-0.09036932787186848	0.7508230998962347
0.9450000000000001	-0.0896068264305412	0.7740074466751762
0.946	-0.08882131297851813	0.7968445376257821
0.9470000000000001	-0.08801313735528964	0.8193292706551516
0.948	-0.08718265443720781	0.8414566745610086
0.949	-0.08633022400616762	0.8632219098664503
0.9500000000000001	-0.08545621061747491	0.8846202696113011
0.951	-0.08456098346694502	0.9056471800996807
0.952	-0.08364491625727555	0.926298201604045
0.9530000000000001	-0.08270838706373693	0.9465690290256096
0.954	-0.08175177819922434	0.9664554925111964
0.955	-0.08077547607871453	0.9859535580265463
0.9560000000000001	-0.07977987108317126	1.0050593278860196
0.957	-0.07876535742294251	1.0237690412390963
0.9580000000000001	-0.07773233300069309	1.042079074513251
0.959	-0.076681199273916	1.0599859418136335
0.96	-0.0756123611170658	1.0774862952795603
0.9610000000000001	-0.0745262266833569	1.094576925397911
0.962	-0.07342320726626998	1.111254761273668
0.963	-0.07230371716080956	1.127516870857395
0.9640000000000001	-0.07116817352455519	1.1433604611302273
0.965	-0.07001699623854911	1.1587828782462506
0.966	-0.06885060776806269	1.1737816076325402
0.9670000000000001	-0.06766943302328403	1.1883542740470308
0.968	-0.06647389921996864	1.2024986415943988
0.969	-0.06526443574009523	1.2162126137001752
0.9700000000000001	-0.06404147399256829	1.2294942330432144
0.971	-0.0628054472740088	1.242341681446976
0.972	-0.06155679062967434	1.2547532797295875
0.973	-0.06029594071454963	1.266727487513112
0.974	-0.05902333565464812	1.2782629029922283
0.9750000000000001	-0.05773941490856516	1.2893582626625835
0.976	-0.05644461912932295	1.30001244100909
0.977	-0.05513939002654698	1.3102244501545581
0.9780000000000001	-0.05382417022901384	1.3199934394688209
0.979	-0.05249940314760934	1.3293186951387896
0.98	-0.05116553283873626	1.338199639699642
0.9810000000000001	-0.04982300386821006	1.34663583152762
0.982	-0.04847226117568102	1.3546269642946487
0.983	-0.04711374993962076	1.3621728663852395
0.984	-0.04574791544291055	1.3692735002759568
0.985	-0.044375202939068846	1.3759289618778674
0.986	-0.042996057519154814	1.3821394798422988
0.987	-0.04161092397938425	1.3879054148303975
0.988	-0.04022024668949401	1.393227258746795
0.989	-0.03882446946189066	1.3981056339377949
0.99	-0.03742403542161842	1.4025412923545955
0.991	-0.03601938687718147	1.4065351146818235
0.992	-0.03461096519225478	1.4100881094319395
0.993	-0.033199210658317595	1.4132014120059218
0.994	-0.03178456236824293	1.4158762837205974
0.995	-0.0303674580908764	1.4181141108031563
0.996	-0.028948334146636612	1.4199164033533995
0.997	-0.0275276252841696	1.4212847942739504
0.998	-0.02610576455808871	1.4222210381691809
0.999	-0.02468318320783124	1.4227270102131138
1.0	-0.023260310537662483	1.4228047049869366
1.0010000000000001	-0.021837573797857366	1.4224562352865775
1.002	-0.020415398067089332	1.4216838309008464
1.003	-0.018994206136055673	1.4204898373606656
1.004	-0.017574418392368	1.4188767146598775
1.0050000000000001	-0.016156452706735918	1.4168470359482233
1.006	-0.014740724320471554	1.414403486196942
1.0070000000000001	-0.013327645734342038	1.4115488608375735
1.008	-0.011917626598796407	1.4082860643745143
1.009	-0.010511073605593009	1.404618108971807
1.01	-0.009108390380852793	1.4005481130148068
1.0110000000000001	-0.007709977379563395	1.3960792996472142
1.012	-0.006316231781558364	1.3912149952840547
1.013	-0.004927547388995286	1.3859586281011749
1.014	-0.0035443145253560146	1.3803137265018197
1.015	-0.002166919935991646	1.3742839175608654
1.0159999999999998	-0.0007957466902342833	1.3678729254472795
1.0170000000000001	0.0005688259149029134	1.361084569825398
1.018	0.0019264224494165128	1.353922764235598
1.019	0.0032766714433741097	1.3463915144549534
1.02	0.00461920547832642	1.3384949168384648
1.021	0.005953661277051038	1.3302371566414577
1.022	0.007279679791609335	1.3216225063237461
1.0230000000000001	0.00859690628969853	1.3126553238361505
1.024	0.009904990439281636	1.3033400508899884
1.025	0.011203586391478507	1.2936812112101246
1.026	0.012492352861701885	1.2836834087721931
1.027	0.013770953209022895	1.273351326024596
1.028	0.015039055513751077	1.2626897220958804
1.0290000000000001	0.016296332653214656	1.2517034309881279
1.03	0.017542462375727333	1.2403973597569264
1.031	0.01877712737272851	1.2287764866785733
1.032	0.020000015349084483	1.2168458594050986
1.033	0.021210819091538706	1.2046105931077227
1.034	0.02240923653529993	1.1920758686094057
1.0350000000000001	0.02359497082875752	1.179246930507012
1.036	0.024767730396313956	1.1661290852837785
1.037	0.025927228999325078	1.1527276994126918
1.0379999999999998	0.027073185795139343	1.1390481974513644
1.0390000000000001	0.028205325394227806	1.1250960601290068
1.04	0.029323377915397353	1.1108768224261725
1.041	0.03042707903908015	1.0963960716478156
1.042	0.031516170058692984	1.081659445490303
1.043	0.03259039793006076	1.0666726301030056
1.0439999999999998	0.03364951531889899	1.0514413581450313
1.0450000000000002	0.03469328064635082	1.0359714068377823
1.046	0.03572145813257455	1.0202685960138125
1.047	0.036733817838378445	1.004338786162729
1.048	0.03773013570490002	0.9881878764746512
1.049	0.03871019359132775	0.9718218028818282
1.0499999999999998	0.039673779310663675	0.9552465360990816
1.0510000000000002	0.04062068666352591	0.9384680796635444
1.052	0.04155071546999076	0.9214924679744086
1.053	0.04246367159947472	0.9043257643332122
1.054	0.04335936699865718	0.8869740589852009
1.055	0.04423761971744513	0.8694434671624278
1.056	0.04509825393298204	0.8517401271291337
1.0570000000000002	0.0459410999717034	0.8338701982300301
1.058	0.0467659943294421	0.8158398589419302
1.059	0.04757277968958726	0.7976553049294024
1.06	0.0483613049393009	0.779322747104988
1.061	0.049131425183797234	0.7608484096945263
1.062	0.049883001758689954	0.74223852830815
1.063	0.05061590224041354	0.7234993480174784
1.064	0.05133000045472491	0.7046371214395608
1.065	0.05202517648329266	0.6856581068281908
1.0659999999999998	0.0527013166683813	0.6665685661729516
1.067	0.05335831361563857	0.6473747633066601
1.068	0.05399606619499462	0.6280829620217455
1.069	0.05461447953968207	0.6086994241960089
1.07	0.05521346504338664	0.5892304079282394
1.071	0.05579294035553855	0.5696821656843744
1.0719999999999998	0.056352829374755393	0.5500609424544979
1.0730000000000002	0.05689306224044755	0.5303729739212886
1.074	0.05741357532259797	0.5106244846404296
1.075	0.05791431120972841	0.4908216862333954
1.076	0.058395218695064754	0.47097077559310474
1.077	0.05885625276091463	0.45107793310297795
1.0779999999999998	0.05929737456127071	0.43114932086972185
1.0790000000000002	0.05971855140265408	0.41119108097054446
1.08	0.060119756723211806	0.3912093337149584
1.081	0.060500970070083995	0.3712101759218711
1.082	0.06086217707505555	0.3511996792122593
1.083	0.06120336942850851	0.33118388831788675
1.0839999999999999	0.061524544851691315	0.3111688194065432
1.0850000000000002	0.0618257070673216	0.29116045842413063
1.086	0.06210686576853958	0.27116475945406987
1.087	0.06236803658622974	0.2511876430944838
1.0879999999999999	0.06260924105472855	0.2312349948534638
1.089	0.06283050657593665	0.2113126635628071
1.09	0.06303186638185417	0.19142645981071182
1.091	0.06321335949555808	0.17158215439359165
1.092	0.06337503069064135	0.15178547678770804
1.093	0.0635169304491335	0.1320421136406652
1.0939999999999999	0.06363911491792267	0.11235770728328098
1.095	0.06374164586370006	0.09273785426219122
1.096	0.06382459062644705	0.07318810389328467
1.097	0.06388802207148661	0.053713956836745624
1.098	0.06393201854012054	0.034320863693676484
1.099	0.06395666379887396	0.01501422362452931
1.0999999999999999	0.0639620469873696	-0.0042006170099459506
1.101	0.06394826256485407	-0.023318365985285083
1.102	0.06391541025539904	-0.04233378652702957
1.103	0.06386359499180001	-0.06124169860129147
1.104	0.06379292685819646	-0.08003698018183014
1.105	0.06370352103143635	-0.09871456849357835
1.1059999999999999	0.06359549772120932	-0.117269461232139
1.1070000000000002	0.06346898210897207	-0.13569671775918307
1.108	0.06332410428569095	-0.15399146027329086
1.109	0.06316099918842549	-0.17214887495632658
1.11	0.0629798065357783	-0.19016421309482612
1.111	0.06278067076223584	-0.20803279217634918
1.1119999999999999	0.0625637409514256	-0.22574999696055656
1.113	0.06232917076831473	-0.2433112805248043
1.114	0.06207711839037599	-0.2607121652840813
1.115	0.061807746437746565	-0.27794824398512386
1.1159999999999999	0.06152122190240574	-0.29501518067449534
1.117	0.06121771607639758	-0.3119087116405204
1.1179999999999999	0.0608974044791247	-0.32862464632892746
1.119	0.060560466783739726	-0.34515886823195324
1.12	0.0602070867426608	-0.36150733575094834
1.121	0.05983745211223782	-0.3776660830322326
1.1219999999999999	0.059451754576596336	-0.39363122077603824
1.123	0.05905018967068574	-0.40939893701865543
1.124	0.058632956702559025	-0.42496549788738
1.125	0.05820025867491097	-0.44032724832846964
1.1260000000000001	0.057752302205902085	-0.45548061280775015
1.127	0.05728929744929547	-0.47042209598404866
1.128	0.05681145801393399	-0.4851482833551843
1.129	0.0563190008825851	-0.49965584187658396
1.1300000000000001	0.05581214633018082	-0.5139415205524314
1.131	0.05529111784148024	-0.5280021509992995
1.1320000000000001	0.05475614202818222	-0.5418346479822908
1.133	0.05420744854551566	-0.5554360099235788
1.134	0.05364527000833507	-0.5688033193833805
1.1349999999999998	0.0530698419067489	-0.5819337435133999
1.1360000000000001	0.05248140252130827	-0.5948245344826152
1.137	0.05188019283778367	-0.6074730298755819
1.138	0.05126645646155711	-0.6198766530631367
1.139	0.050640439531657394	-0.6320329135455944
1.14	0.050002390634465925	-0.6439394072684651
1.141	0.049352560717120464	-0.6555938169107502
1.1420000000000001	0.048691203000644424	-0.6669939121457732
1.143	0.04801857289282892	-0.6781375498747487
1.144	0.04733492790089493	-0.6890226744330415
1.145	0.046640527543962834	-0.6996473177692635
1.146	0.0459356332653564	-0.7100095995972444
1.147	0.045220508344768345	-0.7201077275209682
1.1480000000000001	0.04449541781031446	-0.7299399971326045
1.149	0.043760628350503136	-0.7395047920836818
1.15	0.0430164082261471	-0.7488005841296344
1.151	0.04226302718224387	-0.7578259331477016
1.152	0.0415007563598517	-0.7665794871283237
1.153	0.04072986820798723	-0.7750599821403186
1.1540000000000001	0.03995063639557105	-0.7832662422698373
1.155	0.039163335723447545	-0.7911971795331908
1.156	0.03836824203650468	-0.7988517937639362
1.157	0.037565632135919666	-0.8062291724742106
1.1580000000000001	0.036755783691556264	-0.8133284906904105
1.159	0.03593897515453884	-0.8201490107636946
1.16	0.035115485670028874	-0.8266900821550828
1.161	0.034285594990228666	-0.8329511411957514
1.162	0.03344958338763738	-0.8389317108223743
1.1629999999999998	0.03260773156858392	-0.8446314002880269
1.1640000000000001	0.03176032058706133	-0.8500499048485245
1.165	0.03090763175888686	-0.8551870054247408
1.166	0.030049946576211854	-0.8600425682408364
1.167	0.029187546622405188	-0.8646165444389265
1.168	0.028320713487334	-0.8689089696701131
1.1689999999999998	0.027449728683064962	-0.8729199636623424
1.1700000000000002	0.026574873560009316	-0.8766497297652363
1.171	0.02569642922353449	-0.880098554472174
1.172	0.02481467645106497	-0.883266806919877
1.173	0.023929895609694735	-0.8861549383657757
1.174	0.023042366574333416	-0.888763481643363
1.175	0.022152368646408006	-0.8910930505958824
1.1760000000000002	0.02126018047314165	-0.893144339488604
1.177	0.020366079967430797	-0.8949181223999666
1.178	0.019470344228341718	-0.8964152525918513
1.179	0.018573249462247095	-0.8976366618593107
1.18	0.017675070904623096	-0.8985833598600425
1.181	0.01677608274252701	-0.8992564334239072
1.1820000000000002	0.01587655803777528	-0.8996570458427886
1.183	0.014976768650841433	-0.8997864361411194
1.184	0.014076985165493036	-0.8996459183274029
1.1849999999999998	0.013177476814186625	-0.8992368806269718
1.186	0.012278511404239092	-0.8985607846964272
1.187	0.01138035524479377	-0.8976191648199915
1.188	0.01048327307459911	-0.8964136270881301
1.189	0.00958752799061751	-0.8949458485587947
1.19	0.008693381377481522	-0.893217576401606
1.1909999999999998	0.0078010928378143	-0.8912306270253303
1.1920000000000002	0.006910920123430861	-0.8889868851889803
1.193	0.00602311906743634	-0.8864883030968943
1.194	0.0051379435172370725	-0.8837368994781577
1.195	0.004255645268480024	-0.8807347586506928
1.196	0.0033764739999356877	-0.8774840295704011
1.1969999999999998	0.0025006772093392224	-0.873986924865702
1.1980000000000002	0.0016285001502042836	-0.8702457198578246
1.199	0.000760185769623573	-0.8662627515672361
1.2	-0.00010402535293018869	-0.8620404177065558
1.201	-0.0009638950657895388	-0.857581175660331
1.202	-0.0018191877042508507	-0.852887541452044
1.2029999999999998	-0.002669670148693627	-0.8479620886987255
1.2040000000000002	-0.0035151118816483017	-0.8428074475535435
1.205	-0.004355285043800715	-0.8374263036367521
1.206	-0.005189964488921807	-0.8318213969553656
1.207	-0.0060189278377114465	-0.8259955208119534
1.208	-0.0068419555305457135	-0.819951520702928
1.209	-0.0076588308791173025	-0.813692293206705
1.21	-0.008469340116959123	-0.8072207848621228
1.211	-0.00927327244884155	-0.8005399910375058
1.212	-0.010070420099034133	-0.7936529547907514
1.2129999999999999	-0.01086057835842305	-0.7865627657208524
1.214	-0.011643545630475838	-0.7792725588111893
1.215	-0.012419123476045431	-0.7717855132650248
1.216	-0.01318711665700589	-0.7641048513335746
1.217	-0.013947333178712582	-0.7562338371370431
1.218	-0.014699584331279974	-0.7481757754790024
1.2189999999999999	-0.015443684729670587	-0.7399340106545287
1.22	-0.01617945235258903	-0.7315119252524274
1.221	-0.016906708580175442	-0.7229129389520021
1.222	-0.017625278230493032	-0.7141405073147287
1.223	-0.0183349895948049	-0.7051981205712203
1.224	-0.019035674471635476	-0.6960893024038228
1.2249999999999999	-0.019727168199612545	-0.6868176087253142
1.2260000000000002	-0.020409309689086105	-0.6773866264540626
1.227	-0.02108194145252067	-0.6677999722859741
1.228	-0.021744909633658053	-0.6580612914636759
1.229	-0.022398064035448025	-0.6481742565432966
1.23	-0.023041258146744646	-0.638142566159211
1.2309999999999999	-0.023674349167766447	-0.6279699437871673
1.2320000000000002	-0.02429719803431898	-0.617660136506118
1.233	-0.02490966944077868	-0.6072169137591871
1.234	-0.02551163186183736	-0.5966440661141197
1.2349999999999999	-0.026102957573006923	-0.5859454040235551
1.236	-0.02668352266988447	-0.5751247565855978
1.2369999999999999	-0.027253207086178115	-0.564185970304958
1.238	-0.027811894610494384	-0.5531329078550598
1.239	-0.028359472901888238	-0.5419694468414681
1.24	-0.02889583350417732	-0.5306994785670375
1.2409999999999999	-0.02942087185902231	-0.5193269067991397
1.242	-0.029934487317775604	-0.5078556465392785
1.243	-0.030436583152100866	-0.49628962279545974
1.244	-0.030927066563366527	-0.484632769357762
1.245	-0.03140584869081639	-0.4728890275772935
1.246	-0.031872844618521114	-0.4610623451490707
1.2469999999999999	-0.032327973381114525	-0.44915667489899697
1.248	-0.03277115796831911	-0.43717597357539534
1.249	-0.03320232532826531	-0.4251242006453465
1.25	-0.0336214063696098	-0.41300531709630856
1.2510000000000001	-0.034028335962457926	-0.40082328424314445
1.252	-0.03442305293809608	-0.3885820625410888
1.253	-0.0348055000875401	-0.3762856104048799
1.254	-0.03517562415890585	-0.3639378830343244
1.2550000000000001	-0.03553337585360875	-0.35154283124674485
1.256	-0.03587870982139934	-0.33910440031658867
1.257	-0.03621158465424193	-0.32662652882239557
1.258	-0.03653196287904413	-0.3141131475015921
1.259	-0.036839810949245114	-0.3015681781133178
1.26	-0.03713509923527077	-0.28899553230959246
1.2610000000000001	-0.0374178020138643	-0.27639911051515614
1.262	-0.037687897456301085	-0.2637828008162993
1.263	-0.0379453676154969	-0.25115047785884137
1.264	-0.03819019841201877	-0.23850600175568185
1.265	-0.03842237961900827	-0.2258532170041419
1.266	-0.03864190484602706	-0.2131959514133537
1.2670000000000001	-0.038848771521834975	-0.2005380150420337
1.268	-0.03904298087611112	-0.18788319914686546
1.269	-0.03922453792012871	-0.1752352751417212
1.27	-0.03939345142639457	-0.16259799356797486
1.271	-0.03954973390726466	-0.14997508307631677
1.272	-0.0396934015925472	-0.13737024942010734
1.2730000000000001	-0.03982447440610488	-0.12478717446060689
1.274	-0.039942975941468416	-0.1122295151843554
1.275	-0.04004893343647358	-0.09970090273286533
1.276	-0.040142377746934146	-0.08720494144491206
1.2770000000000001	-0.040223343319363405	-0.0747452079115779
1.278	-0.0402918681627573	-0.06232525004437606
1.2790000000000001	-0.040347993819452165	-0.0499485861565549
1.28	-0.04039176533507041	-0.037618704057839486
1.281	-0.040423231227567843	-0.025339060162887783
1.2819999999999998	-0.04044244345539619	-0.01311307861350322
1.2830000000000001	-0.04044945738479485	-0.0009441504149089452
1.284	-0.04044433175622601	0.011164367413739329
1.285	-0.04042712864996737	0.023209152674445732
1.286	-0.04039791345087713	0.03518691881084987
1.287	-0.04035675481234567	0.04709441571402323
1.2879999999999998	-0.04030372461944908	0.05892843051322205
1.2890000000000001	-0.04023889795131923	0.07068578835167302
1.29	-0.04016235304274573	0.08236335314704482
1.291	-0.04007417124502513	0.09395802833650838
1.292	-0.03997443698607272	0.10546675760630606
1.293	-0.039863237729812526	0.1168865256056563
1.294	-0.039740663934861406	0.12821435864473693
1.2950000000000002	-0.03960680901252305	0.13944732537679236
1.296	-0.03946176928410782	0.15058253746418754
1.297	-0.03930564393759468	0.16161715022821113
1.298	-0.0391385349836514	0.17254836328261733
1.299	-0.03896054721102944	0.18337342115072944
1.3	-0.03877178814134995	0.19408961386603238
1.3010000000000002	-0.03857236798329737	0.2046942775561847
1.302	-0.03836239958623757	0.21518479501021065
1.303	-0.03814199839327695	0.22555859622903907
1.304	-0.03791128239377949	0.23581315895912155
1.305	-0.03767037207535871	0.2459460092090575
1.306	-0.03741939037536138	0.2559547217492637
1.307	-0.03715846263186019	0.26583692059448105
1.308	-0.036887716534172416	0.27559027946923165
1.309	-0.03660728207292173	0.2852125222559849
1.3099999999999998	-0.036317291489660446	0.2947014234261705
1.3110000000000002	-0.03601787922606939	0.30405480845383315
1.312	-0.03570918187275278	0.3132705542119897
1.313	-0.035391338117645416	0.32234658935162763
1.314	-0.035064488694049524	0.33128089466334315
1.315	-0.03472877632831873	0.34007150342148934
1.3159999999999998	-0.034384345687206545	0.3487165017109842
1.3170000000000002	-0.03403134332489676	0.35721402873667774
1.318	-0.03366991762973318	0.36556227711524725
1.319	-0.033300218770666266	0.37375949314964046
1.32	-0.0329223986434339	0.3818039770861654
1.321	-0.03253661081649393	0.3896940833540592
1.3219999999999998	-0.032143010476725783	0.397428220787685
1.3230000000000002	-0.03174175437491856	0.4050048528313824
1.324	-0.03133300077106302	0.4124224977268796
1.325	-0.0309169093794648	0.41967972868343395
1.326	-0.03049364131369615	0.42677517403062576
1.327	-0.03006335903140355	0.4337075173539255
1.3279999999999998	-0.0296262262789883	0.44047549761306626
1.3290000000000002	-0.02918240803617742	0.4470779092431987
1.33	-0.028732070460501902	0.4535136022389939
1.331	-0.02827538083169943	0.4597814822216734
1.3319999999999999	-0.027812507496058552	0.46588051048906604
1.333	-0.0273436198107213	0.47180970404873956
1.334	-0.026868888087961073	0.47756813563433476
1.335	-0.02638848353945263	0.48315493370509716
1.336	-0.025902578220550882	0.4885692824287569
1.337	-0.025411344974595115	0.49381042164783545
1.3379999999999999	-0.02491495737725521	0.49887764682941643
1.339	-0.024413589680936286	0.5037703089985669
1.34	-0.02390741675925808	0.5084878146554543
1.341	-0.023396614051625377	0.5130296256762555
1.342	-0.02288135750790557	0.5173952591979984
1.343	-0.022361823533229377	0.5215842874874594
1.3439999999999999	-0.02183818893293065	0.5255963377941812
1.345	-0.021310630857641014	0.5294310921878116
1.346	-0.020779326748555028	0.5330882873798188
1.347	-0.020244454282881377	0.5365677145297583
1.348	-0.01970619131949551	0.539869219036199
1.349	-0.019164715844808982	0.5429927003124686
1.3499999999999999	-0.018620205918870574	0.5459381115473696
1.3510000000000002	-0.018072839621714246	0.5487054594509547
1.352	-0.017522794999968665	0.5512948039856115
1.353	-0.016970250013743023	0.5537062580824956
1.3539999999999999	-0.016415382483803673	0.5559399873435612
1.355	-0.0158583700390559	0.5579962097293057
1.3559999999999999	-0.015299390064345065	0.5598751952324063
1.357	-0.014738619648591089	0.5615772655374216
1.358	-0.014176235533270222	0.5631027936666899
1.359	-0.013612414061257709	0.564452203612671
1.3599999999999999	-0.01304733112604488	0.5656259699568441
1.361	-0.01248116212134402	0.5666246174753728
1.3619999999999999	-0.011914081891094134	0.5674487207317216
1.363	-0.011346264679880577	0.5680989036563993
1.364	-0.010777884083781334	0.5685758391140248
1.365	-0.010209113001652528	0.5688802484579086
1.3659999999999999	-0.009640123586865518	0.5690129010723571
1.367	-0.009071087199507815	0.5689746139028728
1.368	-0.008502174359059773	0.5687662509744661
1.369	-0.007933554697558883	0.5683887228982777
1.37	-0.007365396913263217	0.5678429863667377
1.371	-0.0067978687248254075	0.5671300436374404
1.3719999999999999	-0.006231136825988336	0.5662509420059549
1.373	-0.005665366840813498	0.5652067732677905
1.374	-0.005100723279452755	0.5639986731697356
1.375	-0.004537369494474027	0.5626278208507723
1.3760000000000001	-0.00397546763775121	0.5610954382727977
1.377	-0.0034151786179284316	0.5594027896413645
1.378	-0.002856662058468481	0.5575511808166792
1.3789999999999998	-0.0023000762562950727	0.5555419587150648
1.3800000000000001	-0.0017455781410383516	0.553376510701124
1.381	-0.0011933232348928246	0.5510562639708338
1.382	-0.0006434656130966836	0.548582684925791
1.383	-9.615786504124249e-5	0.5459572785388502
1.384	0.00044844894398101684	0.5431815877113838
1.385	0.0009902053103815252	0.5402571926223951
1.3860000000000001	0.0015289633292258071	0.5371857100697238
1.387	0.002064576730520973	0.5339687928035792
1.388	0.0025969009148329655	0.5306081288526361
1.389	0.0031257929882262453	0.5271054408429386
1.39	0.003651111796518843	0.5234624853098454
1.391	0.004172717958845936	0.519681052003258
1.3920000000000001	0.004690473900525358	0.5157629631863769
1.393	0.00520424388521869	0.5117100729282288
1.394	0.005713894046381816	0.507524266390193
1.395	0.006219292417999076	0.5032074591067937
1.396	0.006720308964595403	0.49876159626098493
1.397	0.007216815610521046	0.494188651954179
1.3980000000000001	0.00770868626850376	0.4894906284712611
1.399	0.008195796867463568	0.48466955554083563
1.4	0.00867802537958543	0.479727489590946
1.401	0.009155251846645458	0.47466651300053037
1.4020000000000001	0.00962735840558649	0.4694887333468265
1.403	0.010094229313339111	0.46419628264899626
1.404	0.010555750970884481	0.458791316608218
1.405	0.011011811946555547	0.4532760138444723
1.406	0.011462302998573426	0.44765257513026696
1.4069999999999998	0.011907117096816081	0.44192322262157946
1.4080000000000001	0.012346149443816585	0.4360901990862163
1.409	0.012779297494988514	0.4301557671298568
1.41	0.0132064609780763	0.424122208420025
1.411	0.013627541911828564	0.41799182290821935
1.412	0.014042444623892739	0.4117669280504646
1.4129999999999998	0.014451075767929493	0.40544985802649924
1.4140000000000001	0.014853344339945737	0.399042962957858
1.415	0.01524916169384521	0.39254860812508363
1.416	0.015638441556195905	0.3859691731843079
1.417	0.016021100040213825	0.37930705138343107
1.418	0.016397055658962767	0.3725646487781533
1.419	0.016766229337770135	0.36574438344808174
1.4200000000000002	0.01712854442585893	0.3588486847131353
1.421	0.01748392670719641	0.3518799923505206
1.422	0.017832304410559968	0.34484075581244467
1.423	0.018173608218821302	0.3377334334448978
1.424	0.018507771277449764	0.3305604917075763
1.425	0.018834729202236458	0.3233244043953729
1.4260000000000002	0.01915442008624051	0.3160276518614606
1.427	0.01946678450595938	0.3086727202423721
1.428	0.019771765526725257	0.3012621006851547
1.4289999999999998	0.02006930870732969	0.2937982885768877
1.43	0.020359362103879033	0.28628378277682254
1.431	0.020641876272883337	0.2787210848512467
1.432	0.02091680427358153	0.2711126983113762
1.433	0.02118410166950609	0.2634611278544974
1.434	0.021443726529290524	0.2557688786085192
1.4349999999999998	0.021695639426723128	0.24803845538014582
1.4360000000000002	0.021939803440050816	0.24027236190691212
1.437	0.022176184150536953	0.23247310011327224
1.438	0.02240474964027736	0.22464316937094095
1.439	0.022625470489278838	0.21678506576367634
1.44	0.022838319771804713	0.20890128135671315
1.4409999999999998	0.023043273051992264	0.20099430347107586
1.4420000000000002	0.023240308378746865	0.19306661396288094
1.443	0.023429406279918026	0.1851206885079039
1.444	0.023610549755762673	0.17715899589155343
1.445	0.023783724271701133	0.16918399730444372
1.446	0.02394891775037156	0.16119814564376395
1.4469999999999998	0.024106120562988664	0.15320388482060673
1.4480000000000002	0.024255325520012777	0.14520364907342695
1.449	0.024396527861135518	0.1371998622878498
1.45	0.024529725244588477	0.12919493732296317
1.451	0.024654917735781445	0.12119127534424012
1.452	0.024772107795276957	0.11319126516331351
1.453	0.02488130026610807	0.10519728258473818
1.454	0.024982502360446433	0.0972116897598966
1.455	0.025075723645627865	0.08923683454821821
1.456	0.02516097602954287	0.08127504988585804
1.4569999999999999	0.02523827374539958	0.07332865316199769
1.458	0.025307633335866865	0.06539994560289704
1.459	0.025369073636605375	0.05749121166385984
1.46	0.025422615759194585	0.049604718429257025
1.461	0.025468283073463886	0.041742715020730986
1.462	0.025506101189236047	0.03390743201374391
1.4629999999999999	0.025536097937491377	0.026101080862551626
1.464	0.025558303350961153	0.018325853333799047
1.465	0.025572749644158975	0.010583920948825654
1.466	0.025579471192858805	0.0028774344348128644
1.467	0.0255785045130286	-0.004791476815119156
1.468	0.025569888239228566	-0.012420705272735144
1.4689999999999999	0.02555366310248313	-0.02000816579631609
1.4700000000000002	0.025529871907635934	-0.02755179614298206
1.471	0.02549855951019717	-0.03504955747161628
1.472	0.0254597727926927	-0.04249943483627949
1.473	0.025413560640524614	-0.049899437669991345
1.474	0.02535997391735272	-0.05724760025885116
1.4749999999999999	0.025299065440006912	-0.06454198220629329
1.476	0.025230889952940132	-0.0717806688875014
1.477	0.02515550410223191	-0.07896177189382382
1.478	0.02507296640915248	-0.08608342946713095
1.4789999999999999	0.024983337243297647	-0.09314380692401758
1.48	0.024886678795304446	-0.1001410970698207
1.4809999999999999	0.02478305504915801	-0.10707352060230525
1.482	0.024672531754099836	-0.11393932650502654
1.483	0.024555176396147956	-0.12073679243022536
1.484	0.024431058169239385	-0.12746422507128005
1.4849999999999999	0.024300247946005393	-0.13411996052458025
1.486	0.024162818248190224	-0.14070236464079447
1.487	0.024018843216723807	-0.14720983336551258
1.488	0.023868398581459196	-0.15364079306915723
1.489	0.023711561630585493	-0.15999370086612444
1.49	0.023548411179726947	-0.16626704492319655
1.4909999999999999	0.023379027540739103	-0.17245934475706123
1.492	0.023203492490212824	-0.1785691515210075
1.493	0.023021889237697088	-0.18459504828069115
1.494	0.02283430239365144	-0.19053565027900113
1.495	0.022640817937139082	-0.19638960518995016
1.496	0.022441523183271538	-0.20215559336163139
1.4969999999999999	0.02223650675041582	-0.20783232804816135
1.498	0.022025858527175216	-0.21341855563060397
1.499	0.02180966963915461	-0.2189130558269102
1.5	0.021588032415521395	-0.2243146418908163
1.501	0.021361040355372982	-0.22962216079971953
1.502	0.021128788093921956	-0.23483449343153495
1.503	0.020891371368509912	-0.2399505547304951
1.504	0.020648886984460962	-0.2449692938619654
1.5050000000000001	0.020401432780785978	-0.24988969435621108
1.506	0.02014910759574854	-0.2547107742411955
1.507	0.019892011232303587	-0.25943158616438705
1.508	0.019630244423419766	-0.2640512175035754
1.509	0.019363908797296436	-0.2685687904667566
1.51	0.019093106842486253	-0.27298346218110336
1.5110000000000001	0.01881794187293423	-0.27729442477103516
1.512	0.018538517992944183	-0.2815009054254244
1.513	0.01825494006208338	-0.28560216645397846
1.514	0.017967313660036226	-0.28959750533282674
1.515	0.01767574505141773	-0.29348625473935885
1.516	0.01738034115055751	-0.2972677825763617
1.5170000000000001	0.017081209486265007	-0.30094149198548087
1.518	0.01677845816658655	-0.30450682135006907
1.519	0.01647219584356487	-0.3079632442874961
1.52	0.016162531678011557	-0.3113102696309378
1.5210000000000001	0.015849575304302994	-0.3145474414007086
1.522	0.015533436795210137	-0.3176743387652264
1.5230000000000001	0.015214226626772541	-0.3206905759916313
1.524	0.014892055643226876	-0.32359580238618385
1.525	0.014567035022000172	-0.32638970222444336
1.5259999999999998	0.014239276238777989	-0.32907199467132037
1.5270000000000001	0.01390889103265753	-0.33164243369112995
1.528	0.013575991371395727	-0.3341008079476432
1.529	0.013240689416762244	-0.336446940694261
1.53	0.012903097490007205	-0.33868068965440395
1.531	0.012563328037453437	-0.34080194689215665
1.5319999999999998	0.012221493596222892	-0.34281063867329375
1.5330000000000001	0.011877706760106849	-0.344706725316766
1.534	0.011532080145589362	-0.3464902010367329
1.535	0.011184726358033385	-0.3481610937752441
1.536	0.010835757958038874	-0.3497194650256526
1.537	0.01048528742798208	-0.3511654096468742
1.538	0.010133427138745125	-0.35249905566859474
1.5390000000000001	0.009780289316644892	-0.353720564087512
1.54	0.009425986010570101	-0.3548301286547392
1.541	0.009070629059335414	-0.35582797565445085
1.542	0.008714330059261201	-0.3567143636739167
1.543	0.00835720033198758	-0.35748958336500636
1.544	0.007999350892531188	-0.358153957197278
1.5450000000000002	0.007640892417593024	-0.3587078392027956
1.546	0.007281935214125597	-0.3591516147127636
1.547	0.006922589188167497	-0.3594857000861094
1.548	0.006562963813953379	-0.35971054243013517
1.549	0.006203168103307227	-0.35982661931336507
1.55	0.005843310575326649	-0.35983443847069924
1.551	0.005483499226365828	-0.35973453750102374
1.552	0.005123841500324602	-0.35952748355738173
1.553	0.004764444259251065	-0.35921387302985036
1.5539999999999998	0.004405413754264901	-0.35879433122125004
1.5550000000000002	0.004046855596808565	-0.358269512015818
1.556	0.003688874730233265	-0.35764009754098225
1.557	0.0033315754017266	-0.3569067978223678
1.558	0.0029750611345885293	-0.3560703504321785
1.559	0.002619434700862243	-0.3551315201310878
1.5599999999999998	0.0022647980943263537	-0.35409109850377873
1.5610000000000002	0.0019112525038546856	-0.35294990358827566
1.562	0.0015588982871498024	-0.35170877949920776
1.563	0.0012078349448562701	-0.35036859604514786
1.564	0.0008581610950595067	-0.3489302483401719
1.565	0.0005099744481759266	-0.347394656409782
1.5659999999999998	0.00016337178223994273	-0.3457627647913415
1.5670000000000002	-0.00018155108140675656	-0.3440355421291654
1.568	-0.0005246993020183879	-0.34221398076441756
1.569	-0.0008659790429355917	-0.3402990963199636
1.57	-0.001205297494658315	-0.3382919272803239
1.571	-0.0015425628974962396	-0.3361935345668829
1.572	-0.0018776845637920809	-0.33400500110850134
1.5730000000000002	-0.0022105728997132423	-0.33172743140768535
1.574	-0.0025411394266074516	-0.32936195110246197
1.575	-0.0028692968019181663	-0.32690970652411677
1.5759999999999998	-0.003194958839655685	-0.3243718642509431
1.577	-0.0035180405304200526	-0.3217496106581589
1.578	-0.003838458060972003	-0.3190441514641443
1.579	-0.004156128833348341	-0.3162567112731528
1.58	-0.004470971483518308	-0.31338853311465176
1.581	-0.004782905899577645	-0.31044087797945163
1.5819999999999999	-0.005091853239477211	-0.3074150243527634
1.583	-0.0053977359482831715	-0.30431226774435677
1.584	-0.005700477774965925	-0.30113392021596797
1.585	-0.006000003788715107	-0.29788130990611017
1.586	-0.006296240394778145	-0.2945557805524397
1.587	-0.006589115349819987	-0.2911586910118399
1.5879999999999999	-0.006878557776801825	-0.2876914147783719
1.5890000000000002	-0.0071644981793767305	-0.2841553394992511
1.59	-0.007446868455800327	-0.28055186648900465
1.591	-0.00772560191235474	-0.276882410241955
1.592	-0.008000633276284237	-0.2731483979431953
1.593	-0.008271898708241129	-0.2693512689782105
1.5939999999999999	-0.008539335814240658	-0.2654924744412909
1.5950000000000002	-0.008802883657123712	-0.261573476642879
1.596	-0.009062482767526416	-0.25759574861603396
1.597	-0.00931807515435578	-0.25356077362215496
1.5979999999999999	-0.009569604314770726	-0.2494700446560895
1.599	-0.00981701524366796	-0.2453250639508058
1.5999999999999999	-0.010060254442672337	-0.2411273424817728
1.601	-0.010299269928631505	-0.2368783994711951
1.602	-0.010534011241614728	-0.23257976189224994
1.603	-0.010764429452416005	-0.22823296397348272
1.6039999999999999	-0.010990477169561695	-0.22383954670349668
1.605	-0.011212108545822998	-0.21940105733608914
1.606	-0.011429279284233873	-0.214919048896001
1.607	-0.011641946643615002	-0.21039507968537324
1.608	-0.01185006944360462	-0.2058307127910993
1.609	-0.0120536080691972	-0.2012275155932183
1.6099999999999999	-0.012252524474791058	-0.1965870592744532
1.611	-0.012446782187746107	-0.19191091833105875
1.612	-0.012636346311453175	-0.18720067008513777
1.613	-0.012821183527916382	-0.18245789419852385
1.614	-0.013001262099850223	-0.17768417218839203
1.615	-0.013176551872293165	-0.17288108694473586
1.6159999999999999	-0.013347024273739695	-0.1680502222498447
1.617	-0.013512652316792854	-0.1631931622998904
1.618	-0.013673410598339474	-0.15831149122879673
1.619	-0.013829275299250448	-0.15340679263450147
1.62	-0.013980224183608479	-0.14848064910772013
1.621	-0.014126236597465888	-0.14353464176338013
1.6219999999999999	-0.014267293467135239	-0.13857034977484295
1.623	-0.014403377297015574	-0.1335893499110055
1.624	-0.014534472166957252	-0.1285932160764447
1.625	-0.014660563729168465	-0.12358351885470228
1.626	-0.014781639204666658	-0.1185618250548557
1.627	-0.014897687379278176	-0.11352969726147275
1.628	-0.015008698599189603	-0.10848869338807905
1.629	-0.015114664766054334	-0.10344036623423716
1.6300000000000001	-0.015215579331658078	-0.09838626304637874
1.631	-0.015311437292147092	-0.09332792508248612
1.632	-0.015402235181823052	-0.08826688718073517
1.633	-0.015487971066508562	-0.08320467733220326
1.634	-0.015568644536487458	-0.07814281625777818
1.635	-0.01564425669902412	-0.07308281698933418
1.6360000000000001	-0.015714810170466127	-0.06802618445530054
1.637	-0.01578030906793472	-0.06297441507072642
1.638	-0.015840759000607583	-0.057928996331941054
1.639	-0.015896167060598602	-0.05289140641588988
1.6400000000000001	-0.015946541813439363	-0.0478631137842845
1.641	-0.015991893288167174	-0.04284557679260469
1.6420000000000001	-0.01603223296702457	-0.03784024330407906
1.643	-0.016067573774775332	-0.03284855030877623
1.644	-0.01609793006764212	-0.027871923547773472
1.645	-0.016123317621870883	-0.022911777142625017
1.6460000000000001	-0.01614375362192737	-0.01796951323012469
1.647	-0.016159256648331132	-0.013046521602505176
1.648	-0.016169846665132378	-0.008144179353093
1.649	-0.016175545007037318	-0.0032638505275631863
1.65	-0.016176374366187504	0.001593114219192518
1.6509999999999998	-0.016172358778598937	0.00642537796045374
1.6520000000000001	-0.016163523610266597	0.011231617829307247
1.653	-0.016149895542940322	0.016010525344355153
1.654	-0.016131502559577886	0.020760806729549358
1.655	-0.016108373929481223	0.025481183228015167
1.656	-0.016080540193121856	0.030170391409810315
1.657	-0.016048033146661603	0.03482718347357083
1.6580000000000001	-0.01601088582617471	0.03945032754196394
1.659	-0.01596913249157767	0.04403860795089941
1.66	-0.01592280861027291	0.048590825532473375
1.661	-0.015871950840512725	0.05310579789153183
1.662	-0.015816597014489845	0.05758235967586421
1.663	-0.015756786121160996	0.062019362839924735
1.6640000000000001	-0.015692558288809996	0.06641567690206673
1.665	-0.015623954767356863	0.07077018919524838
1.666	-0.015551017910419499	0.07508180511114904
1.667	-0.015473791157134566	0.07934944833765806
1.668	-0.015392319013744183	0.0835720610897206
1.669	-0.015306647034955125	0.08774860433346642
1.6700000000000002	-0.01521682180507725	0.09187805800362717
1.671	-0.015122890918947873	0.09595942121418469
1.672	-0.01502490296264888	0.0999917124622331
1.6729999999999998	-0.014922907494023408	0.10397396982501309
1.6740000000000002	-0.014816955022998856	0.10790525115012602
1.675	-0.014707096991723156	0.11178463423886127
1.676	-0.014593385754521133	0.11561121702264449
1.677	-0.014475874557677867	0.11938411773258599
1.678	-0.014354617519055961	0.12310247506210764
1.6789999999999998	-0.014229669607553654	0.12676544832263426
1.6800000000000002	-0.014101086622410695	0.13037221759233925
1.681	-0.013968925172368975	0.13392198385793042
1.682	-0.013833242654694834	0.13741396914947104
1.683	-0.013694097234070035	0.14084741666823847
1.684	-0.013551547821358357	0.14422159090761183
1.6849999999999998	-0.013405654052254813	0.1475357777669644
1.6860000000000002	-0.013256476265824428	0.15078928465861105
1.687	-0.01310407548293759	0.1539814406077578
1.688	-0.012948513384608912	0.15711159634550567
1.689	-0.01278985229024658	0.16017912439488316
1.69	-0.012628155135819146	0.16318341914993167
1.691	-0.012463485451946716	0.16612389694785346
1.6920000000000002	-0.012295907341923437	0.16899999613423106
1.693	-0.012125485459678254	0.17181117712133062
1.694	-0.011952284987680778	0.17455692243952772
1.695	-0.011776371614799198	0.17723673678184548
1.696	-0.011597811514117087	0.17985014704162502
1.697	-0.011416671320715947	0.18239670234338878
1.698	-0.01123301810943031	0.18487597406688458
1.699	-0.011046919372582177	0.1872875558643584
1.7	-0.010858442997701594	0.1896310636710606
1.7009999999999998	-0.010667657245240056	0.191906135709052
1.702	-0.01047463072628349	0.19411243248429727
1.703	-0.010279432380271462	0.19624963677712484
1.704	-0.010082131452729242	0.19831745362606287
1.705	-0.009882797473019338	0.20031561030509504
1.706	-0.009681500232119052	0.2022438562943674
1.7069999999999999	-0.009478309760430603	0.20410196324440258
1.7080000000000002	-0.009273296305630247	0.20588972493386543
1.709	-0.009066530310562872	0.20760695722090663
1.71	-0.008858082391188434	0.20925349798814502
1.711	-0.008648023314586584	0.21082920708133562
1.712	-0.008436423977025763	0.21233396624177092
1.7129999999999999	-0.008223355382103042	0.2137676790324554
1.7140000000000002	-0.008008888618960852	0.21513027075813815
1.715	-0.007793094840586767	0.21642168837922435
1.716	-0.007576045242202403	0.2176419004196453
1.717	-0.007357811039747477	0.21879089686871728
1.718	-0.007138463448464968	0.21986868907708598
1.7189999999999999	-0.006918073661593305	0.22087530964678492
1.72	-0.006696712829171399	0.22181081231549288
1.721	-0.006474452036962319	0.22267527183503655
1.722	-0.006251362285501326	0.22346878384420796
1.7229999999999999	-0.006027514469273904	0.22419146473597268
1.724	-0.005802979356029381	0.22484345151912913
1.725	-0.005577827566235646	0.2254249016744843
1.726	-0.0053521295526804125	0.2259359930056209
1.727	-0.005125955580224405	0.22637692348433058
1.728	-0.00489937570571175	0.22674791109078377
1.7289999999999999	-0.004672459758042837	0.2270491936484987
1.73	-0.004445277318414753	0.22728102865421068
1.731	-0.004217897700734416	0.2274436931026906
1.732	-0.003990389932209372	0.22753748330660922
1.733	-0.0037628227341211973	0.22756271471151365
1.734	-0.0035352645027863444	0.22751972170600596
1.7349999999999999	-0.0033077832907091854	0.2274088574271973
1.736	-0.00308044678793195	0.22723049356152145
1.737	-0.002853322303586143	0.22698502014099245
1.738	-0.002626476747649965	0.22667284533498802
1.739	-0.002399976612916167	0.22629439523764117
1.74	-0.002173887957174683	0.22585011365093294
1.7409999999999999	-0.0019482763856143006	0.2253404618635657
1.7420000000000002	-0.0017232070334475516	0.22476591842570184
1.743	-0.0014987445487628969	0.2241269789196701
1.744	-0.0012749530756082114	0.2234241557267099
1.7449999999999999	-0.001051896237309477	0.2226579777898561
1.746	-0.0008296371200284992	0.22182899037304948
1.7469999999999999	-0.0006082382565633781	0.22093775481656427
1.748	-0.00038776161039537056	0.21998484828884468
1.749	-0.0001682685599856887	0.2189708635348426
1.75	5.018011667431468e-5	0.21789640862094983
1.751	0.000267524257256211	0.21676210667661638
1.752	0.00048370433002754745	0.21556859563275044
1.753	0.0006986614485217119	0.2143165279569938
1.754	0.0009123373859415352	0.21300657038596715
1.7550000000000001	0.0011246745892936462	0.21163940365458053
1.756	0.0013356161932506962	0.21021572222250612
1.757	0.0015451060337386584	0.2087362339979066
1.758	0.0017530886612465092	0.20720166005851767
1.7590000000000001	0.0019595093538556938	0.20561273437018096
1.76	0.0021643141299868716	0.20397020350292233
1.7610000000000001	0.0023674497608615385	0.20227482634467595
1.762	0.0025688637826762235	0.20052737381275185
1.763	0.002768504508487042	0.19872862856313753
1.764	0.0029663210398024986	0.1968793846977416
1.7650000000000001	0.0031622632778825254	0.19498044746967022
1.766	0.003356281934741839	0.19303263298663587
1.7670000000000001	0.003548328543855797	0.1910367679125984
1.768	0.0037383554705670364	0.18899368916773518
1.769	0.0039263159221912675	0.1869042436268356
1.7699999999999998	0.004112163957820708	0.18476928781622656
1.7710000000000001	0.004295854497823721	0.1825896876093162
1.772	0.00447734333303934	0.18036631792086144
1.773	0.0046565871336654435	0.1781000624000535
1.774	0.004833543457839447	0.17579181312252137
1.775	0.005008170759910486	0.17344247028134924
1.7759999999999998	0.005180428398402145	0.1710529418772061
1.7770000000000001	0.0053502766436648985	0.1686241434076846
1.778	0.005517676685217515	0.16615699755594387
1.779	0.005682590638776786	0.16365243387875825
1.78	0.005844981552975031	0.16111138849406398
1.781	0.006004813415764914	0.1585348037680982
1.782	0.0061620511605112276	0.15592362800223103
1.7830000000000001	0.006316660671769375	0.15327881511958355
1.784	0.006468608790750395	0.15060132435152804
1.785	0.006617863320472432	0.1478921199241567
1.786	0.006764393030598708	0.14515217074482406
1.787	0.00690816766196208	0.14238245008885544
1.788	0.007049157930776418	0.13958393528650534
1.7890000000000001	0.007187335532535091	0.136757607410267
1.79	0.007322673145596951	0.13390445096261383
1.791	0.007455144434460318	0.13102545356428671
1.792	0.007584724052725525	0.12812160564319025
1.793	0.007711387645746698	0.12519390012400225
1.794	0.00783511185297353	0.12224333211858932
1.795	0.007955874309983877	0.11927089861730501
1.796	0.008073653650208141	0.11627759818128025
1.797	0.008188429506346438	0.11326443063575456
1.7979999999999998	0.00830018251147965	0.11023239676458042
1.7990000000000002	0.0084088942998756	0.10718249800595411
1.8	0.008514547507491558	0.10411573614946007
1.801	0.00861712577217452	0.10103311303454911
1.802	0.008716613733560656	0.09793563025047546
1.803	0.008812997032675471	0.09482428883781854
1.8039999999999998	0.008906262311236294	0.09170008899165791
1.8050000000000002	0.008996397210658787	0.08856402976647938
1.806	0.009083390370769252	0.08541710878289237
1.807	0.009167231428224572	0.08226032193624569
1.808	0.009247911014641744	0.07909466310720893
1.809	0.009325420754438991	0.07592112387439648
1.8099999999999998	0.009399753262390537	0.07274069322911296
1.8110000000000002	0.009470902140897216	0.06955435729231324
1.812	0.009538861976975163	0.06636309903381657
1.813	0.009603628338964847	0.06316789799385487
1.814	0.009665197772962873	0.05996973000706434
1.815	0.009723567798978976	0.0567695669289334
1.816	0.009778736906820738	0.05356837636482856
1.8170000000000002	0.009830704551708635	0.050367121401636086
1.818	0.00987947114962401	0.047166760342076154
1.819	0.009925038072392787	0.0439682464418124
1.8199999999999998	0.009967407642507635	0.040772527649349244
1.821	0.010006583127691485	0.03758054634882529
1.822	0.010042568735205287	0.03439323910575751
1.823	0.010075369605903	0.031211536415788263
1.824	0.010104991808036864	0.02803636245651657
1.825	0.010131442330816033	0.024868634842441575
1.8259999999999998	0.010154729077721747	0.021709264383097844
1.827	0.01017486085958223	0.018559154844432872
1.828	0.010191847387410613	0.01541920271348838
1.829	0.010205699265009208	0.012290296966428749
1.83	0.010216427981343472	0.009173318839962585
1.831	0.010224045902689133	0.006069141606242397
1.8319999999999999	0.010228566264555957	0.0029786303512614742
1.8330000000000002	0.010230003163391656	-9.735824320084713e-5
1.834	0.010228371548069557	-0.0031579761140239707
1.835	0.010223687211163608	-0.006202384027553971
1.836	0.010215966780014449	-0.009229751786694884
1.837	0.010205227707590218	-0.012239258434284216
1.8379999999999999	0.01019148826314588	-0.015230092452678083
1.8390000000000002	0.010174767522684862	-0.018201451959522566
1.84	0.010155085359226835	-0.021152544899661826
1.841	0.010132462432885538	-0.024082589233146573
1.8419999999999999	0.010106920180760542	-0.026990813119312507
1.843	0.010078480806646913	-0.02987645509688365
1.8439999999999999	0.010047167270566775	-0.0327387642600728
1.845	0.010013003278126768	-0.03557700043064962
1.846	0.009976013269705474	-0.03839043432593385
1.847	0.009936222409474902	-0.0411783477226868
1.8479999999999999	0.0098936565742601	-0.043940033616897585
1.849	0.009848342342241106	-0.046674796379380865
1.85	0.009800306981501338	-0.0493819519072243
1.851	0.009749578438426658	-0.0520608277710154
1.852	0.00969618532595931	-0.05471076335784777
1.853	0.009640156911710962	-0.057331110010079046
1.8539999999999999	0.009581523105939151	-0.059921231159801476
1.855	0.009520314449391361	-0.062480502459050236
1.856	0.00945656210102105	-0.06500831190569926
1.857	0.009390297825579963	-0.06750405996501246
1.858	0.009321553981091026	-0.06996715968688241
1.859	0.009250363506206198	-0.07239703681871222
1.8599999999999999	0.009176759907453603	-0.07479312991392865
1.861	0.00910077724637834	-0.07715489043612962
1.862	0.009022450126581344	-0.07948178285883521
1.863	0.00894181368066067	-0.0817732847608714
1.864	0.008858903557059601	-0.08402888691733545
1.865	0.008773755906825999	-0.08624809338615962
1.8659999999999999	0.008686407370287284	-0.08843042159028136
1.867	0.008596895063645438	-0.0905754023954033
1.868	0.008505256565496479	-0.09268258018332604
1.869	0.008411529903278786	-0.09475151292088253
1.8699999999999999	0.008315753539654712	-0.09678177222446123
1.871	0.008217966358829862	-0.09877294342012372
1.8719999999999999	0.008118207652814464	-0.10072462559932056
1.873	0.00801651710763122	-0.10263643167021316
1.874	0.007912934789474038	-0.10450798840459145
1.875	0.0078075011308220395	-0.10633893648042107
1.876	0.007700256916513196	-0.10812893052002072
1.877	0.007591243269781997	-0.10987763912385624
1.878	0.0074805016382654835	-0.11158474490000286
1.879	0.0073680737799819915	-0.11324994448926647
1.8800000000000001	0.007254001749286951	-0.11487294858596912
1.881	0.007138327882810053	-0.11645348195443282
1.882	0.007021094785378085	-0.11799128344117246
1.883	0.006902345315927708	-0.11948610598280827
1.8840000000000001	0.006782122573412469	-0.12093771660972663
1.885	0.006660469882708255	-0.12234589644550663
1.8860000000000001	0.006537430780521456	-0.1237104407021219
1.887	0.006413049001304011	-0.12503115867096293
1.888	0.00628736846317953	-0.12630787370968358
1.889	0.006160433253884644	-0.12754042322490672
1.8900000000000001	0.006032287616729716	-0.1287286586508108
1.891	0.0059029759365830225	-0.12987244542362122
1.892	0.005772542725882474	-0.1309716629520506
1.893	0.005641032610678921	-0.1320262045836954
1.894	0.005508490316715083	-0.13303597756742686
1.8949999999999998	0.005374960655544067	-0.13400090301181897
1.8960000000000001	0.0052404885106914455	-0.13492091583962568
1.897	0.005105118823864815	-0.1357959647383636
1.898	0.004968896581214719	-0.13662601210701064
1.899	0.004831866799650794	-0.1374110339988758
1.9	0.0046940745132169675	-0.1381510200606571
1.901	0.004555564759529481	-0.1388459734677468
1.9020000000000001	0.004416382566281474	-0.13949591085580906
1.903	0.0042765729378178635	-0.14010086224866114
1.904	0.004136180841784152	-0.140660870982523
1.905	0.0039952511958528175	-0.1411759936266459
1.906	0.00385382885453086	-0.14164629990038646
1.907	0.0037119585960520445	-0.1420718725867558
1.9080000000000001	0.0035696851093573487	-0.14245280744249322
1.909	0.0034270529811670585	-0.1427892131047033
1.91	0.003284106683147942	-0.14308121099410323
1.911	0.0031408905591788524	-0.143328935214929
1.912	0.002997448812718084	-0.1435325324515473
1.913	0.002853825494275758	-0.1436921618618132
1.9140000000000001	0.002710064488994457	-0.14380799496723157
1.915	0.0025662095043412947	-0.14388021553996358
1.916	0.00242230405791453	-0.14390901948673515
1.9169999999999998	0.002278391465367824	-0.14389461472968673
1.9180000000000001	0.002134514828455157	-0.14383722108422445
1.919	0.0019907170231993755	-0.14373707013392667
1.92	0.0018470406881873037	-0.14359440510254357
1.921	0.0017035282129942884	-0.14340948072315654
1.922	0.0015602217267409906	-0.14318256310454763
1.9229999999999998	0.0014171630867851931	-0.14291392959482824
1.9240000000000002	0.001274393867551334	-0.14260386864238592
1.925	0.0011319553495004213	-0.1422526796542021
1.926	0.0009898885082429297	-0.14186067285159898
1.927	0.0008482340037972233	-0.14142816912346737
1.928	0.0007070321699959949	-0.14095549987703523
1.9289999999999998	0.0005663230040431527	-0.14044300688623315
1.9300000000000002	0.00042614615622352866	-0.13989104213771328
1.931	0.0002865409197677262	-0.13929996767458117
1.932	0.0001475462208743663	-0.1386701554378963
1.933	9.200608891933545e-6	-0.13800198710600153
1.934	-0.0001284577533376368	-0.13729585393174037
1.935	-0.00026539109897154723	-0.13655215657762065
1.9360000000000002	-0.0004015620664928781	-0.13577130494898448
1.937	-0.0005369337088695162	-0.13495371802524456
1.938	-0.0006714695025433672	-0.13409982368924636
1.939	-0.0008051333562480088	-0.13321005855481743
1.94	-0.0009378896196530022	-0.13228486779256407
1.941	-0.001069703091833137	-0.13132470495397502
1.942	-0.0012005390295609522	-0.1303300317938964
1.943	-0.0013303631554209298	-0.12930131809143575
1.944	-0.0014591416657438235	-0.1282390414693588
1.9449999999999998	-0.0015868412383596474	-0.1271436872120399
1.946	-0.0017134290401679035	-0.12601574808202606
1.947	-0.0018388727345236998	-0.12485572413527962
1.948	-0.0019631404884384632	-0.12366412253516007
1.949	-0.00208620097959402	-0.12244145736520434
1.95	-0.0022080234031688715	-0.12118824944077461
1.9509999999999998	-0.0023285774784755696	-0.11990502611962796
1.9520000000000002	-0.0024478334554081274	-0.11859232111146775
1.953	-0.0025657621206985047	-0.11725067428655601
1.954	-0.0026823348039812394	-0.11588063148342898
1.955	-0.0027975233836653626	-0.11448274431578409
1.956	-0.0029113002926128076	-0.1130575699786068
1.9569999999999999	-0.0030236385236225762	-0.11160567105359102
1.9580000000000002	-0.0031345116347199892	-0.11012761531392005
1.959	-0.003243893754250416	-0.1086239755284683
1.96	-0.0033517595857769263	-0.10709532926548009
1.961	-0.003458084412781376	-0.10554225869579321
1.962	-0.0035628441031685127	-0.10396535039567247
1.9629999999999999	-0.0036660151135727214	-0.1023651951492998
1.964	-0.0037675744934671123	-0.10074238775099323
1.965	-0.003867499889074708	-0.09909752680721637
1.966	-0.003965769547081545	-0.09743121453842894
1.9669999999999999	-0.004062362318151566	-0.09574405658084595
1.968	-0.004157257660243237	-0.09403666178816424
1.969	-0.004250435641727893	-0.09230964203331415
1.97	-0.004341876944309865	-0.0905636120102993
1.971	-0.004431562865748492	-0.08879918903617395
1.972	-0.004519475322382213	-0.08701699285323071
1.9729999999999999	-0.004605596851454953	-0.08521764543144338
1.974	-0.004689910613245099	-0.083401770771231
1.975	-0.004772400392997415	-0.08156999470660016
1.976	-0.004853050602658299	-0.07972294470871398
1.977	-0.004931846282414844	-0.07786124968995776
1.978	-0.005008773102038214	-0.07598553980854311
1.9789999999999999	-0.005083817362031931	-0.07409644627372809
1.98	-0.00515696599458567	-0.07219460115167123
1.981	-0.005228206564335273	-0.07028063717202286
1.982	-0.005297527268929717	-0.0683551875352668
1.983	-0.0053649169394058074	-0.06641888572087809
1.984	-0.005430365040371474	-0.0644723652963703
1.9849999999999999	-0.005493861669998548	-0.0625162597272565
1.9860000000000002	-0.005555397559825987	-0.06055120218799535
1.987	-0.005614964074374539	-0.05857782537396078
1.988	-0.0056725532105739085	-0.05659676131449789
1.9889999999999999	-0.0057281575970035345	-0.05460864118710801
1.99	-0.0057817704929481245	-0.052614095132815994
1.9909999999999999	-0.0058333857872691665	-0.05061375207277051
1.992	-0.0058829979970936655	-0.048608239526119756
1.993	-0.005930602266321406	-0.04659818342921899
1.994	-0.0059761943639521035	-0.0445842079562146
1.9949999999999999	-0.006019770682233836	-0.042566935341045026
1.996	-0.0060613282346341935	-0.04054698570091046
1.9969999999999999	-0.006100864653635657	-0.0385249768612649
1.998	-0.006138378188356723	-0.03650152418235722
1.999	-0.006173867702000372	-0.03447724038738078
2.0	-0.006207332669131485	-0.032452735392262365
